object={
	name="reeds_01_generator_1_0"
	clamp_to_water_level=no
	render_under_water=no
	generated_content=yes
	layer="grass_layer"
	pdxmesh="reeds_06_grass_mesh"
	count=26
	transform="1307.076416 0.000000 1571.862671 0.000000 0.964363 0.000000 -0.264584 1.058829 1.058829 1.058829
3068.511230 0.000000 53.462078 0.000000 0.951865 0.000000 0.306517 0.954112 0.954112 0.954112
3065.229492 0.000000 56.732933 0.000000 0.753910 0.000000 0.656978 0.930208 0.930208 0.930208
3064.537598 0.000000 58.875366 0.000000 0.675919 0.000000 -0.736976 1.091019 1.091019 1.091019
3069.640137 0.000000 52.561852 0.000000 0.990060 0.000000 0.140645 0.979214 0.979214 0.979214
3072.125977 0.000000 51.116604 0.000000 0.859501 0.000000 -0.511134 1.054916 1.054916 1.054916
3079.627197 0.000000 26.121717 0.000000 0.571999 0.000000 -0.820255 1.026415 1.026415 1.026415
3074.591553 0.000000 51.236835 0.000000 0.964091 0.000000 -0.265571 1.029527 1.029527 1.029527
3081.865723 0.000000 29.640013 0.000000 0.583680 0.000000 -0.811984 1.156129 1.156129 1.156129
3078.593018 0.000000 24.809475 0.000000 0.425449 0.000000 0.904982 0.881373 0.881373 0.881373
3073.361328 0.000000 50.337765 0.000000 0.959514 0.000000 0.281659 0.970774 0.970774 0.970774
3080.345459 0.000000 30.679028 0.000000 0.442401 0.000000 -0.896817 1.166648 1.166648 1.166648
3080.985596 0.000000 28.726252 0.000000 0.550476 0.000000 0.834851 0.837228 0.837228 0.837228
3081.171387 0.000000 40.502377 0.000000 0.758239 0.000000 0.651977 0.904257 0.904257 0.904257
3580.027832 0.000000 1963.340698 0.000000 0.918546 0.000000 -0.395314 1.001015 1.001015 1.001015
3578.966064 0.000000 1971.423828 0.000000 0.670648 0.000000 0.741776 0.868557 0.868557 0.868557
964.299500 0.000000 2784.345215 0.000000 0.988480 0.000000 0.151352 0.997724 0.997724 0.997724
2541.833008 0.000000 2205.755127 0.000000 0.319908 0.000000 -0.947449 1.012434 1.012434 1.012434
2535.623047 0.000000 2201.052490 0.000000 0.839460 0.000000 0.543421 0.992829 0.992829 0.992829
2541.115967 0.000000 2201.338867 0.000000 0.330218 0.000000 -0.943905 1.036977 1.036977 1.036977
2539.382080 0.000000 2201.615234 0.000000 0.845309 0.000000 0.534277 0.942305 0.942305 0.942305
2490.257568 0.000000 2809.756348 0.000000 0.554767 0.000000 0.832006 0.955839 0.955839 0.955839
2499.324463 0.000000 2809.247803 0.000000 0.670546 0.000000 0.741868 0.856015 0.856015 0.856015
2519.544434 0.000000 2815.468994 0.000000 0.778460 0.000000 -0.627695 1.106730 1.106730 1.106730
2521.597656 0.000000 2815.578857 0.000000 0.640934 0.000000 0.767596 0.888581 0.888581 0.888581
3335.607910 0.000000 2276.546387 0.000000 0.695831 0.000000 -0.718206 1.022003 1.022003 1.022003
"}
object={
	name="reeds_01_generator_1_1"
	clamp_to_water_level=no
	render_under_water=no
	generated_content=yes
	layer="grass_layer"
	pdxmesh="reeds_07_grass_mesh"
	count=14
	transform="1306.065186 0.000000 1571.632690 0.000000 0.954930 0.000000 -0.296831 1.066210 1.066210 1.066210
3069.800049 0.000000 51.086212 0.000000 0.061719 0.000000 0.998094 0.969861 0.969861 0.969861
3071.855469 0.000000 24.878559 0.000000 0.861055 0.000000 0.508511 0.993341 0.993341 0.993341
3080.062500 0.000000 39.925598 0.000000 0.685358 0.000000 0.728206 0.837085 0.837085 0.837085
3081.122559 0.000000 41.742996 0.000000 0.837332 0.000000 -0.546694 1.077978 1.077978 1.077978
3075.328369 0.000000 24.775709 0.000000 0.668604 0.000000 0.743619 0.933015 0.933015 0.933015
3081.606689 0.000000 26.337738 0.000000 0.962574 0.000000 -0.271020 1.029463 1.029463 1.029463
3579.221680 0.000000 1969.276733 0.000000 0.688044 0.000000 0.725669 0.789170 0.789170 0.789170
1558.894775 0.000000 3118.723633 0.000000 0.999946 0.000000 -0.010378 1.000337 1.000337 1.000337
2538.272461 0.000000 2202.905029 0.000000 0.065549 0.000000 0.997849 0.939875 0.939875 0.939875
2501.256836 0.000000 2809.884033 0.000000 0.988389 0.000000 -0.151943 1.025514 1.025514 1.025514
2498.310303 0.000000 2811.671387 0.000000 0.033503 0.000000 -0.999439 1.272492 1.272492 1.272492
2501.530029 0.000000 2810.898682 0.000000 0.045941 0.000000 -0.998944 1.346422 1.346422 1.346422
2517.269775 0.000000 2815.666504 0.000000 0.990376 0.000000 -0.138402 1.004853 1.004853 1.004853
"}
object={
	name="reeds_01_generator_1_2"
	clamp_to_water_level=no
	render_under_water=no
	generated_content=yes
	layer="grass_layer"
	pdxmesh="reeds_01_tall_grass_mesh"
	count=50
	transform="1306.160400 0.000000 1570.601685 0.000000 0.897124 0.000000 -0.441778 1.100528 1.100528 1.100528
1307.161255 0.000000 1570.458252 0.000000 0.728838 0.000000 -0.684686 1.165689 1.165689 1.165689
3066.817139 0.000000 55.561226 0.000000 0.484423 0.000000 -0.874834 1.167521 1.167521 1.167521
3070.739746 0.000000 53.830719 0.000000 0.342139 0.000000 -0.939649 1.070145 1.070145 1.070145
3066.390625 0.000000 52.920635 0.000000 0.975206 0.000000 -0.221298 1.010585 1.010585 1.010585
3067.258789 0.000000 54.036903 0.000000 0.812451 0.000000 0.583030 0.902099 0.902099 0.902099
3079.791992 0.000000 29.324413 0.000000 0.132326 0.000000 -0.991206 1.021541 1.021541 1.021541
3077.033691 0.000000 50.293331 0.000000 0.883610 0.000000 0.468223 0.959855 0.959855 0.959855
3074.234131 0.000000 23.300770 0.000000 0.985902 0.000000 -0.167324 1.005036 1.005036 1.005036
3081.424316 0.000000 31.414085 0.000000 0.812282 0.000000 0.583265 0.906717 0.906717 0.906717
3081.068848 0.000000 38.287544 0.000000 0.604906 0.000000 0.796297 0.816025 0.816025 0.816025
3073.654053 0.000000 24.997984 0.000000 0.341980 0.000000 0.939707 0.881042 0.881042 0.881042
3080.414062 0.000000 27.592791 0.000000 0.733402 0.000000 -0.679795 1.080243 1.080243 1.080243
3076.343994 0.000000 51.741257 0.000000 0.995721 0.000000 0.092405 0.992376 0.992376 0.992376
3081.126465 0.000000 39.403545 0.000000 0.106869 0.000000 -0.994273 1.292340 1.292340 1.292340
3581.737549 0.000000 1970.617432 0.000000 0.361851 0.000000 0.932236 0.931064 0.931064 0.931064
3580.461914 0.000000 1967.854858 0.000000 0.641416 0.000000 -0.767193 1.030564 1.030564 1.030564
3578.717529 0.000000 1970.257568 0.000000 0.474404 0.000000 0.880307 0.830684 0.830684 0.830684
3578.576660 0.000000 1968.382568 0.000000 0.940423 0.000000 0.340008 0.909924 0.909924 0.909924
3580.289062 0.000000 1969.540527 0.000000 0.728896 0.000000 0.684624 0.915282 0.915282 0.915282
3579.921631 0.000000 1968.662720 0.000000 0.272601 0.000000 0.962127 0.663843 0.663843 0.663843
1559.483276 0.000000 3121.665527 0.000000 0.814695 0.000000 0.579889 0.966024 0.966024 0.966024
2538.902588 0.000000 2197.248535 0.000000 0.512130 0.000000 0.858908 0.981945 0.981945 0.981945
2521.884521 0.000000 2203.308105 0.000000 0.980824 0.000000 -0.194896 1.007346 1.007346 1.007346
2523.263916 0.000000 2207.718994 0.000000 0.734767 0.000000 -0.678320 1.074444 1.074444 1.074444
2536.171143 0.000000 2198.150146 0.000000 0.727180 0.000000 0.686447 0.939556 0.939556 0.939556
2538.602051 0.000000 2200.085693 0.000000 0.795282 0.000000 0.606240 0.933331 0.933331 0.933331
2521.205811 0.000000 2205.937744 0.000000 0.468634 0.000000 -0.883392 1.091932 1.091932 1.091932
2536.883545 0.000000 2199.753906 0.000000 0.972424 0.000000 -0.233221 1.018805 1.018805 1.018805
2522.947510 0.000000 2206.223389 0.000000 0.978233 0.000000 0.207511 0.979126 0.979126 0.979126
2496.995361 0.000000 2807.874023 0.000000 0.724136 0.000000 -0.689657 1.024699 1.024699 1.024699
2518.178467 0.000000 2814.035645 0.000000 0.734293 0.000000 0.678832 0.882640 0.882640 0.882640
2502.948242 0.000000 2812.624756 0.000000 0.822440 0.000000 0.568852 0.868570 0.868570 0.868570
2497.645264 0.000000 2810.488770 0.000000 0.509693 0.000000 0.860356 0.865510 0.865510 0.865510
2521.507324 0.000000 2814.428223 0.000000 0.829542 0.000000 0.558444 0.924559 0.924559 0.924559
2501.029053 0.000000 2811.855957 0.000000 0.248305 0.000000 0.968682 0.700145 0.700145 0.700145
2502.920898 0.000000 2810.638428 0.000000 0.077267 0.000000 -0.997010 1.212523 1.212523 1.212523
2510.424561 0.000000 2812.776611 0.000000 0.476372 0.000000 0.879244 0.916859 0.916859 0.916859
2499.375244 0.000000 2810.931885 0.000000 0.998950 0.000000 -0.045806 1.008122 1.008122 1.008122
2501.458496 0.000000 2813.510010 0.000000 0.876209 0.000000 -0.481931 1.036407 1.036407 1.036407
2500.868408 0.000000 2808.245605 0.000000 0.225249 0.000000 0.974301 0.775258 0.775258 0.775258
2498.385254 0.000000 2808.125000 0.000000 0.885751 0.000000 -0.464161 1.083149 1.083149 1.083149
2496.343994 0.000000 2811.036377 0.000000 0.977322 0.000000 -0.211758 1.027700 1.027700 1.027700
2497.490967 0.000000 2809.149414 0.000000 0.997561 0.000000 0.069803 0.989361 0.989361 0.989361
2519.456055 0.000000 2814.805420 0.000000 0.619908 0.000000 0.784675 0.858104 0.858104 0.858104
2503.094482 0.000000 2813.886719 0.000000 0.889465 0.000000 0.457003 0.896912 0.896912 0.896912
2502.215332 0.000000 2811.684082 0.000000 0.790247 0.000000 -0.612788 1.093861 1.093861 1.093861
2500.205811 0.000000 2810.207764 0.000000 0.943710 0.000000 -0.330774 1.076590 1.076590 1.076590
3332.010498 0.000000 2272.470215 0.000000 0.999421 0.000000 0.034016 0.998896 0.998896 0.998896
3333.338867 0.000000 2274.833740 0.000000 0.262483 0.000000 0.964937 0.902245 0.902245 0.902245
"}
