object={
	name="tree_pine_01_b_generator_1_0"
	clamp_to_water_level=no
	render_under_water=no
	generated_content=yes
	layer="tree_high_layer"
	pdxmesh="tree_pine_01_b_mesh"
	count=68
	transform="1841.831421 0.000000 1925.030640 0.000000 0.024785 0.000000 -0.999693 0.400000 0.400000 0.400000
1869.627808 0.000000 1910.314209 0.000000 0.483096 0.000000 0.875567 0.400000 0.400000 0.400000
1473.762939 0.000000 2003.776733 0.000000 0.079906 0.000000 -0.996802 0.400000 0.400000 0.400000
1471.577393 0.000000 2014.998413 0.000000 0.666687 0.000000 0.745338 0.400000 0.400000 0.400000
1460.121460 0.000000 2020.047241 0.000000 0.999559 0.000000 0.029707 0.400000 0.400000 0.400000
1477.739624 0.000000 1993.856079 0.000000 0.588361 0.000000 0.808599 0.400000 0.400000 0.400000
1468.838257 0.000000 1972.002808 0.000000 0.657507 0.000000 0.753448 0.400000 0.400000 0.400000
1473.529541 0.000000 1986.010742 0.000000 0.281753 0.000000 0.959487 0.400000 0.400000 0.400000
1491.741699 0.000000 2008.608154 0.000000 0.036094 0.000000 -0.999348 0.400000 0.400000 0.400000
1463.862427 0.000000 1977.548828 0.000000 0.559027 0.000000 0.829149 0.400000 0.400000 0.400000
1487.567749 0.000000 2030.721680 0.000000 0.585799 0.000000 -0.810456 0.400000 0.400000 0.400000
1477.077026 0.000000 2033.374023 0.000000 0.113051 0.000000 -0.993589 0.400000 0.400000 0.400000
1473.499268 0.000000 2034.931641 0.000000 0.739644 0.000000 0.672998 0.400000 0.400000 0.400000
1471.818970 0.000000 2046.492676 0.000000 0.064407 0.000000 0.997924 0.400000 0.400000 0.400000
1540.921143 0.000000 2052.676270 0.000000 0.553071 0.000000 -0.833134 0.400000 0.400000 0.400000
1532.150269 0.000000 2057.451660 0.000000 0.698749 0.000000 0.715367 0.400000 0.400000 0.400000
1534.997070 0.000000 2052.115723 0.000000 0.159167 0.000000 -0.987252 0.400000 0.400000 0.400000
1437.426147 0.000000 2197.480713 0.000000 0.914960 0.000000 0.403544 0.400000 0.400000 0.400000
1434.589355 0.000000 2194.698242 0.000000 0.927571 0.000000 0.373646 0.400000 0.400000 0.400000
1467.499268 0.000000 2191.265381 0.000000 0.223807 0.000000 0.974633 0.400000 0.400000 0.400000
1444.570801 0.000000 2196.711670 0.000000 0.756239 0.000000 0.654296 0.400000 0.400000 0.400000
1456.143066 0.000000 2192.611084 0.000000 0.928211 0.000000 -0.372055 0.400000 0.400000 0.400000
1462.631958 0.000000 2197.153320 0.000000 0.656511 0.000000 -0.754316 0.400000 0.400000 0.400000
1441.310913 0.000000 2192.430908 0.000000 0.564839 0.000000 -0.825201 0.400000 0.400000 0.400000
1460.192993 0.000000 2193.422363 0.000000 0.528760 0.000000 0.848771 0.400000 0.400000 0.400000
1447.997437 0.000000 2195.388184 0.000000 0.659354 0.000000 -0.751833 0.400000 0.400000 0.400000
1441.320679 0.000000 2195.784912 0.000000 0.248991 0.000000 0.968506 0.400000 0.400000 0.400000
1451.670654 0.000000 2199.781738 0.000000 0.720659 0.000000 -0.693289 0.400000 0.400000 0.400000
1445.035522 0.000000 2197.901367 0.000000 0.975744 0.000000 -0.218913 0.400000 0.400000 0.400000
1448.650269 0.000000 2197.832031 0.000000 0.211599 0.000000 0.977356 0.400000 0.400000 0.400000
2638.480713 0.000000 2604.433838 0.000000 0.941673 0.000000 0.336530 0.400000 0.400000 0.400000
2863.183838 0.000000 2596.151367 0.000000 0.009586 0.000000 -0.999954 0.400000 0.400000 0.400000
4953.994629 0.000000 2926.195801 0.000000 0.703148 0.000000 -0.711043 0.400000 0.400000 0.400000
4963.994629 0.000000 2918.423340 0.000000 0.909172 0.000000 -0.416421 0.400000 0.400000 0.400000
4959.961914 0.000000 2923.458008 0.000000 0.430507 0.000000 -0.902587 0.400000 0.400000 0.400000
4961.296387 0.000000 2914.479248 0.000000 0.188802 0.000000 0.982015 0.400000 0.400000 0.400000
4955.440430 0.000000 2922.023438 0.000000 0.243987 0.000000 0.969778 0.400000 0.400000 0.400000
4957.683105 0.000000 2927.213867 0.000000 0.431692 0.000000 0.902021 0.400000 0.400000 0.400000
4955.090820 0.000000 2929.812500 0.000000 0.612385 0.000000 0.790560 0.400000 0.400000 0.400000
4960.462891 0.000000 2919.062012 0.000000 0.900011 0.000000 -0.435868 0.400000 0.400000 0.400000
4962.990723 0.000000 2921.813232 0.000000 0.389365 0.000000 -0.921084 0.400000 0.400000 0.400000
4958.194824 0.000000 2920.884521 0.000000 0.285321 0.000000 -0.958432 0.400000 0.400000 0.400000
4956.352539 0.000000 2924.708984 0.000000 0.202765 0.000000 0.979227 0.400000 0.400000 0.400000
4961.930176 0.000000 2916.902832 0.000000 0.999395 0.000000 -0.034781 0.400000 0.400000 0.400000
4957.757324 0.000000 2929.855713 0.000000 0.902223 0.000000 -0.431269 0.400000 0.400000 0.400000
4967.664551 0.000000 2929.227295 0.000000 0.668121 0.000000 -0.744053 0.400000 0.400000 0.400000
4966.873047 0.000000 2920.005615 0.000000 0.148254 0.000000 0.988949 0.400000 0.400000 0.400000
4972.531738 0.000000 2923.612793 0.000000 0.624448 0.000000 0.781066 0.400000 0.400000 0.400000
4964.404785 0.000000 2924.946533 0.000000 0.998133 0.000000 0.061076 0.400000 0.400000 0.400000
4967.574707 0.000000 2914.850342 0.000000 0.731285 0.000000 -0.682072 0.400000 0.400000 0.400000
4968.512207 0.000000 2925.167480 0.000000 0.531493 0.000000 -0.847063 0.400000 0.400000 0.400000
4971.091309 0.000000 2927.903809 0.000000 0.910692 0.000000 -0.413086 0.400000 0.400000 0.400000
4969.509766 0.000000 2921.953613 0.000000 0.611882 0.000000 -0.790949 0.400000 0.400000 0.400000
4964.430664 0.000000 2917.680176 0.000000 0.992003 0.000000 0.126216 0.400000 0.400000 0.400000
4966.590820 0.000000 2923.001953 0.000000 0.982478 0.000000 0.186377 0.400000 0.400000 0.400000
4964.383301 0.000000 2921.317627 0.000000 0.980886 0.000000 0.194581 0.400000 0.400000 0.400000
5009.949219 0.000000 2938.062256 0.000000 0.779409 0.000000 0.626515 0.400000 0.400000 0.400000
5788.597168 0.000000 2829.567139 0.000000 0.793422 0.000000 -0.608672 0.400000 0.400000 0.400000
5775.467773 0.000000 2850.906738 0.000000 0.537022 0.000000 -0.843568 0.400000 0.400000 0.400000
5784.647461 0.000000 2866.582520 0.000000 0.968818 0.000000 -0.247772 0.400000 0.400000 0.400000
5776.418457 0.000000 2856.470703 0.000000 0.292286 0.000000 0.956331 0.400000 0.400000 0.400000
5824.772461 0.000000 2871.042236 0.000000 0.997655 0.000000 0.068444 0.400000 0.400000 0.400000
5784.754883 0.000000 2862.264160 0.000000 0.645066 0.000000 0.764127 0.400000 0.400000 0.400000
5778.043457 0.000000 2861.920654 0.000000 0.351481 0.000000 -0.936195 0.400000 0.400000 0.400000
5781.335449 0.000000 2863.533691 0.000000 0.902391 0.000000 0.430918 0.400000 0.400000 0.400000
5781.509766 0.000000 2867.994141 0.000000 0.851163 0.000000 0.524902 0.400000 0.400000 0.400000
5776.464844 0.000000 2859.446289 0.000000 0.930916 0.000000 -0.365233 0.400000 0.400000 0.400000
5874.822266 0.000000 2893.237549 0.000000 0.882584 0.000000 -0.470156 0.400000 0.400000 0.400000
"}
