object={
	name="tree_leaf_01_single_generator_1_0"
	clamp_to_water_level=no
	render_under_water=no
	generated_content=yes
	layer="tree_high_layer"
	pdxmesh="tree_leaf_01_single_a_mesh"
	count=75
	transform="598.987793 0.000000 1697.166138 0.000000 0.905442 0.000000 0.424471 0.680847 0.680847 0.680847
611.235474 0.000000 1693.259399 0.000000 0.943061 0.000000 -0.332621 0.705333 0.705333 0.705333
597.610352 0.000000 1686.842651 0.000000 0.253685 0.000000 0.967287 0.663250 0.663250 0.663250
604.203491 0.000000 1691.803955 0.000000 0.061564 0.000000 0.998103 0.589227 0.589227 0.589227
615.704285 0.000000 1697.902954 0.000000 0.290455 0.000000 0.956888 0.682159 0.682159 0.682159
608.617493 0.000000 1688.337769 0.000000 0.154182 0.000000 0.988042 0.672780 0.672780 0.672780
606.794312 0.000000 1705.159180 0.000000 0.887207 0.000000 -0.461371 0.715923 0.715923 0.715923
603.900208 0.000000 1701.993774 0.000000 0.970684 0.000000 0.240361 0.667336 0.667336 0.667336
601.656982 0.000000 1687.317627 0.000000 0.113652 0.000000 0.993521 0.598158 0.598158 0.598158
605.027039 0.000000 1688.333862 0.000000 0.015450 0.000000 -0.999881 0.928320 0.928320 0.928320
601.900696 0.000000 1699.232422 0.000000 0.779399 0.000000 0.626528 0.619537 0.619537 0.619537
613.173340 0.000000 1695.878418 0.000000 0.027528 0.000000 0.999621 0.567848 0.567848 0.567848
613.768494 0.000000 1700.424438 0.000000 0.597101 0.000000 0.802166 0.610523 0.610523 0.610523
607.797119 0.000000 1691.466553 0.000000 0.933387 0.000000 0.358871 0.658946 0.658946 0.658946
610.014404 0.000000 1695.867798 0.000000 0.790112 0.000000 0.612962 0.626204 0.626204 0.626204
604.173950 0.000000 1704.628662 0.000000 0.681491 0.000000 -0.731826 0.754521 0.754521 0.754521
602.345337 0.000000 1689.978882 0.000000 0.788180 0.000000 0.615445 0.633962 0.633962 0.633962
601.674316 0.000000 1703.864624 0.000000 0.208893 0.000000 -0.977938 0.785584 0.785584 0.785584
599.767944 0.000000 1685.792480 0.000000 0.822304 0.000000 -0.569048 0.767705 0.767705 0.767705
606.170410 0.000000 1702.693848 0.000000 0.734954 0.000000 0.678117 0.658327 0.658327 0.658327
613.398499 0.000000 1698.315186 0.000000 0.266340 0.000000 -0.963879 0.843259 0.843259 0.843259
599.804565 0.000000 1699.189941 0.000000 0.967415 0.000000 -0.253194 0.721920 0.721920 0.721920
601.505859 0.000000 1701.197144 0.000000 0.978699 0.000000 0.205299 0.673983 0.673983 0.673983
604.435486 0.000000 1700.021973 0.000000 0.052187 0.000000 -0.998637 0.832693 0.832693 0.832693
615.791077 0.000000 1700.424683 0.000000 0.913566 0.000000 0.406691 0.659011 0.659011 0.659011
603.588745 0.000000 1686.996948 0.000000 0.727881 0.000000 0.685704 0.640581 0.640581 0.640581
611.602783 0.000000 1696.857422 0.000000 0.174726 0.000000 -0.984617 0.834100 0.834100 0.834100
611.669373 0.000000 1694.991455 0.000000 0.987776 0.000000 -0.155878 0.717506 0.717506 0.717506
612.181763 0.000000 1699.811035 0.000000 0.999962 0.000000 0.008725 0.699039 0.699039 0.699039
598.207642 0.000000 1685.220215 0.000000 0.922424 0.000000 -0.386178 0.744345 0.744345 0.744345
602.943176 0.000000 1700.570557 0.000000 0.590577 0.000000 -0.806981 0.826359 0.826359 0.826359
602.417908 0.000000 1702.509155 0.000000 0.381972 0.000000 0.924174 0.514585 0.514585 0.514585
604.779358 0.000000 1703.215454 0.000000 0.978366 0.000000 0.206881 0.668681 0.668681 0.668681
603.380798 0.000000 1703.507080 0.000000 0.997094 0.000000 -0.076178 0.711993 0.711993 0.711993
620.379211 0.000000 1724.355957 0.000000 0.765097 0.000000 -0.643915 0.703668 0.703668 0.703668
623.894287 0.000000 1745.282349 0.000000 0.884160 0.000000 -0.467184 0.722937 0.722937 0.722937
624.170227 0.000000 1730.743896 0.000000 0.967896 0.000000 0.251351 0.690676 0.690676 0.690676
624.037598 0.000000 1726.529297 0.000000 0.290207 0.000000 -0.956964 0.749072 0.749072 0.749072
626.384094 0.000000 1733.701050 0.000000 0.566820 0.000000 0.823842 0.591716 0.591716 0.591716
627.027039 0.000000 1745.096680 0.000000 0.267751 0.000000 -0.963488 0.743157 0.743157 0.743157
630.216797 0.000000 1739.173950 0.000000 0.927615 0.000000 -0.373538 0.781619 0.781619 0.781619
626.195068 0.000000 1747.889771 0.000000 0.990669 0.000000 -0.136292 0.706212 0.706212 0.706212
632.472229 0.000000 1747.305542 0.000000 0.696331 0.000000 0.717721 0.653834 0.653834 0.653834
631.198975 0.000000 1749.772461 0.000000 0.292174 0.000000 0.956365 0.557476 0.557476 0.557476
605.920044 0.000000 1711.823364 0.000000 0.985569 0.000000 0.169277 0.685434 0.685434 0.685434
616.039856 0.000000 1736.384644 0.000000 0.085474 0.000000 0.996340 0.398917 0.398917 0.398917
622.912415 0.000000 1724.404907 0.000000 0.758897 0.000000 -0.651210 0.784276 0.784276 0.784276
624.478760 0.000000 1732.822021 0.000000 0.966892 0.000000 -0.255186 0.727057 0.727057 0.727057
607.298584 0.000000 1710.350098 0.000000 0.958150 0.000000 -0.286268 0.728920 0.728920 0.728920
617.255005 0.000000 1737.863525 0.000000 0.313863 0.000000 0.949468 0.446289 0.446289 0.446289
604.269287 0.000000 1710.783936 0.000000 0.996796 0.000000 -0.079983 0.706856 0.706856 0.706856
624.484863 0.000000 1747.001587 0.000000 0.811430 0.000000 0.584450 0.630186 0.630186 0.630186
630.278992 0.000000 1737.350952 0.000000 0.986747 0.000000 -0.162264 0.716805 0.716805 0.716805
615.494263 0.000000 1737.727417 0.000000 0.171644 0.000000 -0.985159 0.944364 0.944364 0.944364
631.451538 0.000000 1738.931519 0.000000 0.096466 0.000000 -0.995336 1.014303 1.014303 1.014303
617.264038 0.000000 1736.109009 0.000000 0.468886 0.000000 -0.883259 0.919498 0.919498 0.919498
697.358337 0.000000 1766.752075 0.000000 0.937912 0.000000 0.346872 0.696286 0.696286 0.696286
677.036499 0.000000 1749.684204 0.000000 0.006598 0.000000 0.999978 0.235293 0.235293 0.235293
686.889709 0.000000 1760.798950 0.000000 0.282947 0.000000 -0.959135 0.774045 0.774045 0.774045
663.542053 0.000000 1745.252075 0.000000 0.385181 0.000000 0.922841 0.560321 0.560321 0.560321
676.875488 0.000000 1759.185303 0.000000 0.397315 0.000000 -0.917682 0.842174 0.842174 0.842174
685.333740 0.000000 1763.252930 0.000000 0.999919 0.000000 -0.012726 0.700912 0.700912 0.700912
661.102783 0.000000 1744.252197 0.000000 0.989545 0.000000 0.144228 0.674960 0.674960 0.674960
699.056091 0.000000 1765.090576 0.000000 0.661611 0.000000 0.749848 0.525164 0.525164 0.525164
702.736023 0.000000 1757.418701 0.000000 0.537315 0.000000 0.843381 0.568466 0.568466 0.568466
703.931030 0.000000 1758.805908 0.000000 0.925436 0.000000 -0.378903 0.771988 0.771988 0.771988
687.006714 0.000000 1763.380249 0.000000 0.026653 0.000000 0.999645 0.335701 0.335701 0.335701
698.987000 0.000000 1766.752808 0.000000 0.230294 0.000000 -0.973121 0.905832 0.905832 0.905832
677.266357 0.000000 1748.130737 0.000000 0.899101 0.000000 -0.437741 0.834607 0.834607 0.834607
687.326294 0.000000 1762.082642 0.000000 0.888653 0.000000 -0.458579 0.812393 0.812393 0.812393
702.536804 0.000000 1758.981934 0.000000 0.995308 0.000000 -0.096754 0.717951 0.717951 0.717951
699.863525 0.000000 1764.126099 0.000000 0.485974 0.000000 -0.873973 0.919272 0.919272 0.919272
698.365479 0.000000 1764.020752 0.000000 0.716016 0.000000 0.698084 0.540654 0.540654 0.540654
676.359314 0.000000 1748.773804 0.000000 0.116209 0.000000 -0.993225 1.132064 1.132064 1.132064
5042.000488 0.000000 1044.918579 0.000000 0.912508 0.000000 -0.409059 0.719148 0.719148 0.719148
"}
