object={
	name="tree_pine_01_a_generator_1_0"
	clamp_to_water_level=no
	render_under_water=no
	generated_content=yes
	layer="tree_high_layer"
	pdxmesh="tree_pine_single_01_a_mesh"
	count=5
	transform="3169.284668 0.000000 3176.103027 0.000000 0.995966 0.000000 -0.089726 1.000000 1.000000 1.000000
3171.630859 0.000000 3172.375000 0.000000 0.729066 0.000000 0.684444 1.000000 1.000000 1.000000
3203.362793 0.000000 3184.573242 0.000000 0.957605 0.000000 0.288084 1.000000 1.000000 1.000000
3269.163086 0.000000 3193.790283 0.000000 0.999446 0.000000 0.033273 1.000000 1.000000 1.000000
3695.186279 0.000000 3446.708252 0.000000 0.599566 0.000000 -0.800326 1.000000 1.000000 1.000000
"}
object={
	name="tree_pine_01_a_generator_1_1"
	clamp_to_water_level=no
	render_under_water=no
	generated_content=yes
	layer="tree_high_layer"
	pdxmesh="tree_pine_single_01_b_mesh"
	count=5
	transform="3208.170410 0.000000 3185.102539 0.000000 0.853700 0.000000 -0.520766 1.000000 1.000000 1.000000
3205.018066 0.000000 3185.527588 0.000000 0.798850 0.000000 -0.601530 1.000000 1.000000 1.000000
3205.910156 0.000000 3183.613770 0.000000 0.016892 0.000000 0.999857 1.000000 1.000000 1.000000
3694.145020 0.000000 3448.342041 0.000000 0.479178 0.000000 0.877718 1.000000 1.000000 1.000000
6038.936523 0.000000 3633.540527 0.000000 0.311879 0.000000 -0.950122 1.000000 1.000000 1.000000
"}
object={
	name="tree_pine_01_a_generator_1_2"
	clamp_to_water_level=no
	render_under_water=no
	generated_content=yes
	layer="tree_high_layer"
	pdxmesh="tree_pine_single_01_c_mesh"
	count=7
	transform="3170.375000 0.000000 3173.948975 0.000000 0.004754 0.000000 0.999989 1.000000 1.000000 1.000000
3169.286377 0.000000 3177.862305 0.000000 0.486057 0.000000 -0.873927 1.000000 1.000000 1.000000
3168.972168 0.000000 3174.577393 0.000000 0.771763 0.000000 0.635911 1.000000 1.000000 1.000000
3695.434326 0.000000 3449.797119 0.000000 0.195528 0.000000 0.980698 1.000000 1.000000 1.000000
3697.379639 0.000000 3448.111328 0.000000 0.409481 0.000000 -0.912319 1.000000 1.000000 1.000000
6037.077637 0.000000 3632.439453 0.000000 0.360242 0.000000 -0.932859 1.000000 1.000000 1.000000
6038.771484 0.000000 3632.120361 0.000000 0.475000 0.000000 -0.879986 1.000000 1.000000 1.000000
"}
