object={
	name="tree_leaf_high_generator_1_0"
	clamp_to_water_level=no
	render_under_water=no
	generated_content=yes
	layer="tree_high_layer"
	pdxmesh="tree_leaf_01_a_mesh"
	count=6
	transform="1255.824951 0.000000 398.392365 0.000000 0.911153 0.000000 -0.412068 0.857683 0.857683 0.857683
1529.347290 0.000000 390.232330 0.000000 0.924748 0.000000 -0.380580 0.861602 0.861602 0.861602
1526.689453 0.000000 390.970215 0.000000 0.712092 0.000000 0.702086 0.559053 0.559053 0.559053
1524.433472 0.000000 392.907776 0.000000 0.955985 0.000000 -0.293414 0.914196 0.914196 0.914196
1913.496460 0.000000 3164.407715 0.000000 0.999719 0.000000 0.023697 0.797444 0.797444 0.797444
1915.859253 0.000000 3163.944092 0.000000 0.200106 0.000000 -0.979774 1.005116 1.005116 1.005116
"}
