object={
	name="tree_palm_generator_1_0"
	clamp_to_water_level=no
	render_under_water=no
	generated_content=yes
	layer="tree_high_layer"
	pdxmesh="tree_palm_01_a_mesh"
	count=45
	transform="1912.467407 0.000000 1063.346191 0.000000 0.827352 0.000000 0.561684 0.683323 0.683323 0.683323
1912.061523 0.000000 1067.508057 0.000000 0.974186 0.000000 -0.225748 0.712416 0.712416 0.712416
1914.189331 0.000000 1065.635986 0.000000 0.326435 0.000000 0.945220 0.635946 0.635946 0.635946
1950.464355 0.000000 1072.417114 0.000000 0.984014 0.000000 -0.178090 0.717021 0.717021 0.717021
1946.018677 0.000000 1070.135376 0.000000 0.645567 0.000000 0.763704 0.661121 0.661121 0.661121
1946.711426 0.000000 1073.251221 0.000000 0.240900 0.000000 -0.970550 0.776094 0.776094 0.776094
1948.942017 0.000000 1070.053589 0.000000 0.449736 0.000000 0.893161 0.615084 0.615084 0.615084
1950.210327 0.000000 1074.667358 0.000000 0.882977 0.000000 0.469415 0.664477 0.664477 0.664477
1948.406128 0.000000 1072.064209 0.000000 0.860663 0.000000 0.509175 0.632781 0.632781 0.632781
1948.324341 0.000000 1074.254150 0.000000 0.085609 0.000000 0.996329 0.569197 0.569197 0.569197
1951.482178 0.000000 1073.642212 0.000000 0.811296 0.000000 0.584635 0.640636 0.640636 0.640636
1949.363525 0.000000 1073.286255 0.000000 0.267502 0.000000 -0.963557 0.863573 0.863573 0.863573
2134.715576 0.000000 1311.119385 0.000000 0.840588 0.000000 -0.541675 0.717606 0.717606 0.717606
2140.109131 0.000000 1287.352173 0.000000 0.772251 0.000000 0.635318 0.658614 0.658614 0.658614
2136.757324 0.000000 1302.019653 0.000000 0.883165 0.000000 -0.469062 0.704095 0.704095 0.704095
2153.283691 0.000000 1296.099609 0.000000 0.775647 0.000000 -0.631167 0.710505 0.710505 0.710505
2157.879883 0.000000 1309.973877 0.000000 0.984305 0.000000 0.176477 0.696528 0.696528 0.696528
2165.261475 0.000000 1309.910400 0.000000 0.753055 0.000000 -0.657958 0.724095 0.724095 0.724095
2153.177002 0.000000 1281.758667 0.000000 0.344665 0.000000 0.938726 0.691479 0.691479 0.691479
2168.436279 0.000000 1319.283691 0.000000 0.873568 0.000000 0.486702 0.692894 0.692894 0.692894
2149.169189 0.000000 1285.431641 0.000000 0.887793 0.000000 0.460243 0.683952 0.683952 0.683952
2137.931396 0.000000 1307.526855 0.000000 0.026871 0.000000 -0.999639 0.734536 0.734536 0.734536
2163.612793 0.000000 1321.393921 0.000000 0.268635 0.000000 -0.963242 0.796239 0.796239 0.796239
2167.519775 0.000000 1314.978882 0.000000 0.977105 0.000000 -0.212755 0.706894 0.706894 0.706894
2141.837646 0.000000 1319.260010 0.000000 0.486393 0.000000 -0.873740 0.720803 0.720803 0.720803
2146.940186 0.000000 1287.573853 0.000000 0.776600 0.000000 0.629993 0.680943 0.680943 0.680943
2136.261475 0.000000 1305.001587 0.000000 0.469227 0.000000 0.883078 0.666709 0.666709 0.666709
2155.981445 0.000000 1295.222656 0.000000 0.647861 0.000000 -0.761759 0.769013 0.769013 0.769013
2160.361816 0.000000 1321.704224 0.000000 0.989526 0.000000 0.144354 0.694127 0.694127 0.694127
2158.839111 0.000000 1307.510010 0.000000 0.906697 0.000000 -0.421783 0.734698 0.734698 0.734698
2136.192871 0.000000 1292.157471 0.000000 0.675287 0.000000 0.737555 0.636221 0.636221 0.636221
2168.885010 0.000000 1316.949097 0.000000 0.978647 0.000000 -0.205547 0.712156 0.712156 0.712156
2142.198486 0.000000 1286.389160 0.000000 0.917789 0.000000 -0.397067 0.725118 0.725118 0.725118
2164.168213 0.000000 1311.643799 0.000000 0.910255 0.000000 -0.414048 0.729245 0.729245 0.729245
2187.106934 0.000000 1317.495605 0.000000 0.705856 0.000000 -0.708355 0.704402 0.704402 0.704402
2175.768311 0.000000 1318.488647 0.000000 0.799697 0.000000 -0.600404 0.709004 0.709004 0.709004
2184.171875 0.000000 1319.613037 0.000000 0.159154 0.000000 0.987254 0.664493 0.664493 0.664493
2178.542480 0.000000 1319.629761 0.000000 0.993113 0.000000 -0.117161 0.708373 0.708373 0.708373
3004.098145 0.000000 1579.434448 0.000000 0.976748 0.000000 0.214390 0.697583 0.697583 0.697583
3000.334717 0.000000 1575.221191 0.000000 0.996340 0.000000 -0.085473 0.700957 0.700957 0.700957
2989.529785 0.000000 1642.909912 0.000000 0.945364 0.000000 0.326017 0.696750 0.696750 0.696750
2993.399414 0.000000 1613.091064 0.000000 0.120955 0.000000 -0.992658 0.726345 0.726345 0.726345
2991.190674 0.000000 1601.037476 0.000000 0.893440 0.000000 -0.449182 0.714328 0.714328 0.714328
2990.213379 0.000000 1616.940186 0.000000 0.928990 0.000000 0.370104 0.688869 0.688869 0.688869
2988.274170 0.000000 1612.267944 0.000000 0.741934 0.000000 -0.670473 0.708219 0.708219 0.708219
"}
