object={
	name="tree_jungle_01_d_generator_1_0"
	clamp_to_water_level=no
	render_under_water=no
	generated_content=yes
	layer="tree_high_layer"
	pdxmesh="tree_jungle_01_d_mesh"
	count=9
	transform="5932.228027 0.000000 954.002991 0.000000 0.870347 0.000000 0.492439 0.743251 0.743251 0.743251
5934.831055 0.000000 961.193726 0.000000 0.967146 0.000000 0.254220 0.734599 0.734599 0.734599
5943.975098 0.000000 999.361877 0.000000 0.388537 0.000000 -0.921433 0.798268 0.798268 0.798268
5935.134277 0.000000 968.639893 0.000000 0.959680 0.000000 0.281096 0.745732 0.745732 0.745732
5949.296875 0.000000 989.667053 0.000000 0.964749 0.000000 0.263173 0.742520 0.742520 0.742520
5938.335449 0.000000 978.495239 0.000000 0.340183 0.000000 0.940359 0.724796 0.724796 0.724796
5943.058594 0.000000 995.057007 0.000000 0.900893 0.000000 -0.434042 0.771857 0.771857 0.771857
5943.569336 0.000000 1003.523743 0.000000 0.999347 0.000000 0.036137 0.749256 0.749256 0.749256
5940.197266 0.000000 993.578674 0.000000 0.921102 0.000000 0.389322 0.732778 0.732778 0.732778
"}
