object={
	name="tree_leaf_high_generator_3_0"
	clamp_to_water_level=no
	render_under_water=no
	generated_content=yes
	layer="tree_high_layer"
	pdxmesh="tree_leaf_01_c_mesh"
	count=4
	transform="1257.393066 0.000000 400.318390 0.000000 0.935274 0.000000 0.353926 0.791980 0.791980 0.791980
1524.704468 0.000000 391.209473 0.000000 0.999904 0.000000 -0.013873 0.800740 0.800740 0.800740
1522.828979 0.000000 394.078186 0.000000 0.404295 0.000000 -0.914628 0.898235 0.898235 0.898235
1915.042847 0.000000 3161.827393 0.000000 0.341104 0.000000 0.940026 0.789743 0.789743 0.789743
"}
