object={
	name="tree_leaf_high_generator_2_0"
	clamp_to_water_level=no
	render_under_water=no
	generated_content=yes
	layer="tree_high_layer"
	pdxmesh="tree_leaf_01_b_mesh"
	count=552
	transform="506.499756 0.000000 378.349976 0.000000 0.699460 0.000000 -0.714672 0.432597 0.432597 0.432597
479.259918 0.000000 439.840027 0.000000 0.795422 0.000000 0.606056 0.318726 0.318726 0.318726
472.233063 0.000000 429.291687 0.000000 0.262509 0.000000 0.964930 0.304854 0.304854 0.304854
476.312256 0.000000 455.555359 0.000000 0.875707 0.000000 -0.482843 0.461139 0.461139 0.461139
490.930450 0.000000 455.837280 0.000000 0.274161 0.000000 -0.961684 0.402583 0.402583 0.402583
478.661011 0.000000 483.699371 0.000000 0.903331 0.000000 -0.428944 0.452461 0.452461 0.452461
493.468933 0.000000 452.816650 0.000000 0.131262 0.000000 0.991348 0.367664 0.367664 0.367664
478.040863 0.000000 487.463196 0.000000 0.999998 0.000000 -0.001847 0.400043 0.400043 0.400043
481.690247 0.000000 494.843658 0.000000 0.467343 0.000000 -0.884076 0.514800 0.514800 0.514800
491.654572 0.000000 466.567535 0.000000 0.195898 0.000000 0.980624 0.263513 0.263513 0.263513
480.890198 0.000000 485.808319 0.000000 0.101608 0.000000 0.994824 0.354524 0.354524 0.354524
493.791382 0.000000 468.449249 0.000000 0.992683 0.000000 -0.120746 0.411483 0.411483 0.411483
511.924713 0.000000 469.759949 0.000000 0.958813 0.000000 0.284038 0.389790 0.389790 0.389790
473.455933 0.000000 478.359558 0.000000 0.378571 0.000000 -0.925572 0.457274 0.457274 0.457274
500.145813 0.000000 475.587982 0.000000 0.264822 0.000000 0.964297 0.349912 0.349912 0.349912
496.564850 0.000000 489.907318 0.000000 0.616731 0.000000 0.787174 0.325341 0.325341 0.325341
483.485352 0.000000 479.134216 0.000000 0.616852 0.000000 -0.787079 0.478718 0.478718 0.478718
498.407532 0.000000 471.440399 0.000000 0.677780 0.000000 -0.735265 0.449495 0.449495 0.449495
499.041901 0.000000 478.430145 0.000000 0.665277 0.000000 0.746597 0.330133 0.330133 0.330133
494.015747 0.000000 488.777649 0.000000 0.650010 0.000000 0.759926 0.342677 0.342677 0.342677
486.873749 0.000000 492.073975 0.000000 0.977109 0.000000 -0.212738 0.411881 0.411881 0.411881
485.452271 0.000000 483.386322 0.000000 0.547485 0.000000 -0.836815 0.455444 0.455444 0.455444
488.608582 0.000000 455.499817 0.000000 0.978522 0.000000 -0.206143 0.412959 0.412959 0.412959
512.039429 0.000000 444.977844 0.000000 0.687446 0.000000 -0.726235 0.407305 0.407305 0.407305
515.422668 0.000000 445.207855 0.000000 0.206601 0.000000 -0.978425 0.438783 0.438783 0.438783
513.887390 0.000000 443.066895 0.000000 0.868781 0.000000 0.495197 0.377237 0.377237 0.377237
514.904175 0.000000 435.143097 0.000000 0.999747 0.000000 -0.022506 0.400989 0.400989 0.400989
514.282288 0.000000 468.469025 0.000000 0.982903 0.000000 0.184125 0.397319 0.397319 0.397319
958.057800 0.000000 371.008087 0.000000 0.961780 0.000000 0.273824 0.397230 0.397230 0.397230
954.445068 0.000000 378.349976 0.000000 0.916081 0.000000 -0.400993 0.414627 0.414627 0.414627
921.702698 0.000000 383.021851 0.000000 0.783211 0.000000 -0.621755 0.434508 0.434508 0.434508
870.384827 0.000000 404.579803 0.000000 0.486747 0.000000 -0.873543 0.413262 0.413262 0.413262
865.781616 0.000000 401.940887 0.000000 0.055645 0.000000 0.998451 0.340992 0.340992 0.340992
870.870361 0.000000 401.755005 0.000000 0.277546 0.000000 -0.960712 0.444428 0.444428 0.444428
876.137695 0.000000 399.441406 0.000000 0.740358 0.000000 -0.672213 0.431656 0.431656 0.431656
871.430969 0.000000 417.207642 0.000000 0.999982 0.000000 -0.006064 0.400403 0.400403 0.400403
949.879578 0.000000 445.972473 0.000000 0.944045 0.000000 -0.329816 0.407384 0.407384 0.407384
958.549683 0.000000 408.222015 0.000000 0.517863 0.000000 0.855463 0.373349 0.373349 0.373349
944.947388 0.000000 389.658173 0.000000 0.620166 0.000000 0.784471 0.374783 0.374783 0.374783
955.688416 0.000000 447.071655 0.000000 0.923474 0.000000 0.383661 0.383092 0.383092 0.383092
947.695801 0.000000 445.939362 0.000000 0.045253 0.000000 -0.998976 0.507401 0.507401 0.507401
957.285339 0.000000 439.435181 0.000000 0.789792 0.000000 -0.613375 0.442862 0.442862 0.442862
990.959961 0.000000 395.318604 0.000000 0.737807 0.000000 0.675011 0.388531 0.388531 0.388531
1015.787659 0.000000 388.460571 0.000000 0.256626 0.000000 0.966511 0.371192 0.371192 0.371192
1005.018372 0.000000 393.767822 0.000000 0.700934 0.000000 0.713226 0.369073 0.369073 0.369073
984.333618 0.000000 396.376251 0.000000 0.746213 0.000000 0.665707 0.367629 0.367629 0.367629
988.850647 0.000000 394.009766 0.000000 0.882940 0.000000 0.469485 0.369742 0.369742 0.369742
919.012512 0.000000 504.965790 0.000000 0.880974 0.000000 -0.473164 0.421903 0.421903 0.421903
918.867126 0.000000 507.993256 0.000000 0.363648 0.000000 0.931536 0.335364 0.335364 0.335364
932.628845 0.000000 457.241150 0.000000 0.017385 0.000000 -0.999849 0.488422 0.488422 0.488422
995.860718 0.000000 507.087708 0.000000 0.686329 0.000000 -0.727291 0.434156 0.434156 0.434156
492.261139 0.000000 512.027954 0.000000 0.982758 0.000000 0.184895 0.395822 0.395822 0.395822
484.699158 0.000000 563.266785 0.000000 0.891268 0.000000 -0.453476 0.432901 0.432901 0.432901
511.052216 0.000000 629.690063 0.000000 0.970570 0.000000 0.240821 0.381056 0.381056 0.381056
513.571716 0.000000 629.578979 0.000000 0.449064 0.000000 0.893500 0.296818 0.296818 0.296818
969.023804 0.000000 524.966980 0.000000 0.742913 0.000000 0.669388 0.375466 0.375466 0.375466
988.850647 0.000000 521.978516 0.000000 0.969073 0.000000 0.246772 0.386056 0.386056 0.386056
976.271179 0.000000 524.403137 0.000000 0.283155 0.000000 0.959074 0.317956 0.317956 0.317956
1168.232056 0.000000 382.063293 0.000000 0.194385 0.000000 -0.980925 0.553119 0.553119 0.553119
1207.003662 0.000000 365.949677 0.000000 0.592790 0.000000 0.805357 0.329409 0.329409 0.329409
1211.585693 0.000000 366.111908 0.000000 0.995750 0.000000 0.092093 0.393001 0.393001 0.393001
1249.518921 0.000000 360.790466 0.000000 0.438543 0.000000 0.898710 0.390520 0.390520 0.390520
1270.221313 0.000000 374.696930 0.000000 0.550602 0.000000 0.834768 0.375834 0.375834 0.375834
1270.995850 0.000000 365.949677 0.000000 0.083636 0.000000 -0.996496 0.484646 0.484646 0.484646
1272.712158 0.000000 374.782166 0.000000 0.929915 0.000000 -0.367775 0.421061 0.421061 0.421061
1050.820801 0.000000 433.407501 0.000000 0.562429 0.000000 0.826846 0.368406 0.368406 0.368406
1033.095703 0.000000 390.806122 0.000000 0.010381 0.000000 -0.999946 0.446748 0.446748 0.446748
1026.683105 0.000000 423.848480 0.000000 0.994528 0.000000 -0.104474 0.403554 0.403554 0.403554
1024.083740 0.000000 425.179993 0.000000 0.291738 0.000000 0.956498 0.292432 0.292432 0.292432
1053.390503 0.000000 425.828857 0.000000 0.996756 0.000000 0.080477 0.394569 0.394569 0.394569
1077.863403 0.000000 420.910767 0.000000 0.931064 0.000000 0.364857 0.380792 0.380792 0.380792
1074.533936 0.000000 418.728973 0.000000 0.653870 0.000000 0.756607 0.356725 0.356725 0.356725
1023.983459 0.000000 427.899994 0.000000 0.931718 0.000000 0.363183 0.373647 0.373647 0.373647
1097.542358 0.000000 394.151703 0.000000 0.977621 0.000000 0.210374 0.399365 0.399365 0.399365
1118.565918 0.000000 432.573395 0.000000 0.381821 0.000000 -0.924236 0.534813 0.534813 0.534813
1129.281006 0.000000 418.339264 0.000000 0.180440 0.000000 -0.983586 0.429136 0.429136 0.429136
1105.396851 0.000000 383.912018 0.000000 0.856595 0.000000 -0.515989 0.413265 0.413265 0.413265
1100.352905 0.000000 392.773773 0.000000 0.967405 0.000000 0.253233 0.393481 0.393481 0.393481
1098.750488 0.000000 440.978363 0.000000 0.532645 0.000000 0.846339 0.353143 0.353143 0.353143
1099.103394 0.000000 443.456329 0.000000 0.815688 0.000000 -0.578491 0.433881 0.433881 0.433881
1119.352051 0.000000 430.399750 0.000000 0.929780 0.000000 0.368116 0.377789 0.377789 0.377789
1099.438721 0.000000 438.835938 0.000000 0.970464 0.000000 0.241247 0.383333 0.383333 0.383333
1138.342896 0.000000 410.088226 0.000000 0.240452 0.000000 0.970661 0.302529 0.302529 0.302529
1131.312256 0.000000 419.083069 0.000000 0.969116 0.000000 0.246606 0.383826 0.383826 0.383826
1101.884888 0.000000 391.118774 0.000000 0.434710 0.000000 0.900570 0.329470 0.329470 0.329470
1072.931763 0.000000 453.642548 0.000000 0.762175 0.000000 0.647371 0.378202 0.378202 0.378202
1076.242310 0.000000 505.706390 0.000000 0.833144 0.000000 -0.553056 0.420190 0.420190 0.420190
1054.597900 0.000000 465.036072 0.000000 0.997452 0.000000 -0.071341 0.403850 0.403850 0.403850
1087.506836 0.000000 506.409210 0.000000 0.905784 0.000000 0.423739 0.368320 0.368320 0.368320
1076.585815 0.000000 507.972229 0.000000 0.090699 0.000000 -0.995878 0.497543 0.497543 0.497543
1071.577271 0.000000 451.795715 0.000000 0.049326 0.000000 0.998783 0.287568 0.287568 0.287568
1080.778809 0.000000 459.531036 0.000000 0.348455 0.000000 0.937325 0.308404 0.308404 0.308404
1111.537964 0.000000 498.306183 0.000000 0.690124 0.000000 -0.723691 0.403636 0.403636 0.403636
1114.056519 0.000000 475.730011 0.000000 0.932924 0.000000 0.360073 0.395218 0.395218 0.395218
1114.812988 0.000000 497.391876 0.000000 0.103897 0.000000 -0.994588 0.440279 0.440279 0.440279
1095.120117 0.000000 509.187256 0.000000 0.112126 0.000000 0.993694 0.250717 0.250717 0.250717
1087.941895 0.000000 478.966034 0.000000 0.032910 0.000000 0.999458 0.362374 0.362374 0.362374
1132.106445 0.000000 463.425781 0.000000 0.955373 0.000000 -0.295402 0.414973 0.414973 0.414973
1131.513672 0.000000 490.488770 0.000000 0.911075 0.000000 -0.412241 0.423126 0.423126 0.423126
1099.438721 0.000000 502.820313 0.000000 0.998798 0.000000 -0.049024 0.403453 0.403453 0.403453
1206.449951 0.000000 425.666138 0.000000 0.957411 0.000000 0.288730 0.384498 0.384498 0.384498
1187.837280 0.000000 443.103333 0.000000 0.375893 0.000000 -0.926663 0.454455 0.454455 0.454455
1232.292480 0.000000 429.264313 0.000000 0.076576 0.000000 0.997064 0.228411 0.228411 0.228411
1227.709351 0.000000 399.334839 0.000000 0.596121 0.000000 0.802895 0.390226 0.390226 0.390226
1227.730591 0.000000 396.190735 0.000000 0.254151 0.000000 0.967164 0.358672 0.358672 0.358672
1241.519531 0.000000 436.597504 0.000000 0.141678 0.000000 -0.989913 0.454927 0.454927 0.454927
1253.289795 0.000000 438.684723 0.000000 0.995748 0.000000 0.092123 0.395762 0.395762 0.395762
1264.239258 0.000000 403.223907 0.000000 0.868417 0.000000 -0.495835 0.427458 0.427458 0.427458
1238.743652 0.000000 436.364166 0.000000 0.474706 0.000000 -0.880145 0.471466 0.471466 0.471466
1174.077759 0.000000 484.158783 0.000000 0.143168 0.000000 0.989698 0.366509 0.366509 0.366509
1177.385254 0.000000 487.371796 0.000000 0.365249 0.000000 -0.930910 0.446017 0.446017 0.446017
1177.369995 0.000000 478.359558 0.000000 0.234577 0.000000 -0.972098 0.512568 0.512568 0.512568
1207.848999 0.000000 508.191742 0.000000 0.396616 0.000000 -0.917985 0.450519 0.450519 0.450519
1274.262207 0.000000 461.416107 0.000000 0.997432 0.000000 0.071615 0.391804 0.391804 0.391804
1224.652954 0.000000 468.218719 0.000000 0.972911 0.000000 -0.231182 0.425627 0.425627 0.425627
1218.196411 0.000000 468.469025 0.000000 0.492515 0.000000 0.870304 0.387875 0.387875 0.387875
1215.972290 0.000000 460.378235 0.000000 0.341810 0.000000 0.939769 0.373154 0.373154 0.373154
1263.559692 0.000000 510.091827 0.000000 0.998493 0.000000 0.054876 0.398437 0.398437 0.398437
1223.853760 0.000000 474.012329 0.000000 0.588683 0.000000 -0.808364 0.426792 0.426792 0.426792
1215.922974 0.000000 466.467987 0.000000 0.995346 0.000000 -0.096368 0.403132 0.403132 0.403132
1252.313232 0.000000 487.637024 0.000000 0.734433 0.000000 0.678681 0.364616 0.364616 0.364616
1266.327271 0.000000 474.072601 0.000000 0.881991 0.000000 0.471265 0.373782 0.373782 0.373782
1317.281982 0.000000 374.700348 0.000000 0.992197 0.000000 0.124680 0.393634 0.393634 0.393634
1329.668823 0.000000 376.861389 0.000000 0.598074 0.000000 -0.801441 0.451991 0.451991 0.451991
1325.743408 0.000000 380.428772 0.000000 0.929366 0.000000 -0.369159 0.421900 0.421900 0.421900
1336.704346 0.000000 374.782166 0.000000 0.104259 0.000000 -0.994550 0.468091 0.468091 0.468091
1393.264648 0.000000 364.427429 0.000000 0.998786 0.000000 -0.049256 0.401329 0.401329 0.401329
1387.213867 0.000000 364.875519 0.000000 0.232428 0.000000 -0.972614 0.458045 0.458045 0.458045
1296.216431 0.000000 446.047668 0.000000 0.994809 0.000000 -0.101756 0.401171 0.401171 0.401171
1317.130493 0.000000 412.946167 0.000000 0.490017 0.000000 -0.871713 0.417973 0.417973 0.417973
1298.596069 0.000000 426.264893 0.000000 0.171262 0.000000 -0.985226 0.425840 0.425840 0.425840
1338.221069 0.000000 385.874603 0.000000 0.940275 0.000000 -0.340417 0.409886 0.409886 0.409886
1302.926025 0.000000 431.379852 0.000000 0.535035 0.000000 -0.844830 0.431151 0.431151 0.431151
1329.449951 0.000000 400.203766 0.000000 0.691993 0.000000 -0.721904 0.472489 0.472489 0.472489
1322.750610 0.000000 408.523193 0.000000 0.701005 0.000000 0.713156 0.327054 0.327054 0.327054
1325.201782 0.000000 407.176239 0.000000 0.457566 0.000000 -0.889176 0.479864 0.479864 0.479864
1333.517578 0.000000 402.315552 0.000000 0.946152 0.000000 0.323723 0.374322 0.374322 0.374322
1330.306030 0.000000 407.456024 0.000000 0.983415 0.000000 0.181370 0.384337 0.384337 0.384337
1319.411987 0.000000 411.967133 0.000000 0.982338 0.000000 0.187114 0.390884 0.390884 0.390884
1310.555298 0.000000 397.727478 0.000000 0.559360 0.000000 -0.828925 0.450743 0.450743 0.450743
1336.986450 0.000000 421.167816 0.000000 0.965331 0.000000 0.261030 0.384572 0.384572 0.384572
1339.233276 0.000000 399.644897 0.000000 0.417313 0.000000 -0.908763 0.465477 0.465477 0.465477
1340.370850 0.000000 402.547974 0.000000 0.931854 0.000000 0.362834 0.374786 0.374786 0.374786
1336.552368 0.000000 399.811066 0.000000 0.320643 0.000000 0.947200 0.315498 0.315498 0.315498
1333.832153 0.000000 420.910767 0.000000 0.774726 0.000000 0.632297 0.355910 0.355910 0.355910
1322.043701 0.000000 416.293762 0.000000 0.604198 0.000000 0.796835 0.343373 0.343373 0.343373
1366.054321 0.000000 420.174408 0.000000 0.999836 0.000000 0.018112 0.399421 0.399421 0.399421
1360.847046 0.000000 433.488892 0.000000 0.481063 0.000000 -0.876686 0.443232 0.443232 0.443232
1361.097168 0.000000 422.875488 0.000000 0.038376 0.000000 -0.999263 0.475750 0.475750 0.475750
1285.112305 0.000000 489.564819 0.000000 0.964749 0.000000 0.263173 0.394681 0.394681 0.394681
1298.584229 0.000000 453.933594 0.000000 0.961318 0.000000 0.275441 0.389829 0.389829 0.389829
1289.643188 0.000000 479.304718 0.000000 0.478469 0.000000 -0.878105 0.449239 0.449239 0.449239
1297.175415 0.000000 458.180115 0.000000 0.885410 0.000000 0.464812 0.377311 0.377311 0.377311
1315.995361 0.000000 467.248291 0.000000 0.947816 0.000000 0.318818 0.375049 0.375049 0.375049
1310.960815 0.000000 469.352783 0.000000 0.152305 0.000000 -0.988334 0.464425 0.464425 0.464425
1301.049316 0.000000 453.757996 0.000000 0.245909 0.000000 0.969293 0.318128 0.318128 0.318128
1327.546021 0.000000 451.795715 0.000000 0.788746 0.000000 0.614719 0.361325 0.361325 0.361325
1298.446777 0.000000 507.286621 0.000000 0.478541 0.000000 0.878065 0.318120 0.318120 0.318120
1389.682007 0.000000 468.449249 0.000000 0.716498 0.000000 0.697590 0.367620 0.367620 0.367620
1389.193970 0.000000 471.160614 0.000000 0.996623 0.000000 0.082114 0.395362 0.395362 0.395362
1399.562012 0.000000 478.017731 0.000000 0.153071 0.000000 0.988215 0.322874 0.322874 0.322874
1429.402466 0.000000 384.260284 0.000000 0.358449 0.000000 -0.933549 0.533481 0.533481 0.533481
1461.550171 0.000000 386.949158 0.000000 0.183457 0.000000 -0.983028 0.475449 0.475449 0.475449
1464.731934 0.000000 395.546661 0.000000 0.912510 0.000000 0.409053 0.369279 0.369279 0.369279
1461.647217 0.000000 389.215149 0.000000 0.432468 0.000000 0.901649 0.333801 0.333801 0.333801
1533.601440 0.000000 400.372284 0.000000 1.000000 0.000000 0.000774 0.399988 0.399988 0.399988
1527.725220 0.000000 388.460571 0.000000 0.076629 0.000000 -0.997060 0.428349 0.428349 0.428349
1471.895020 0.000000 414.981659 0.000000 0.993547 0.000000 0.113422 0.395970 0.395970 0.395970
1530.243042 0.000000 388.203491 0.000000 0.154857 0.000000 0.987937 0.291878 0.291878 0.291878
1428.191772 0.000000 451.521179 0.000000 0.200653 0.000000 -0.979662 0.438956 0.438956 0.438956
1425.089355 0.000000 486.859863 0.000000 0.045872 0.000000 -0.998947 0.486800 0.486800 0.486800
1440.585083 0.000000 492.719971 0.000000 0.794569 0.000000 0.607174 0.360253 0.360253 0.360253
1528.327393 0.000000 456.083954 0.000000 0.999644 0.000000 -0.026695 0.400680 0.400680 0.400680
1477.229126 0.000000 498.183960 0.000000 0.478189 0.000000 -0.878257 0.429980 0.429980 0.429980
1482.792358 0.000000 491.565338 0.000000 0.973900 0.000000 0.226979 0.385709 0.385709 0.385709
1622.813599 0.000000 360.461151 0.000000 0.981854 0.000000 -0.189636 0.403239 0.403239 0.403239
1645.191650 0.000000 366.315826 0.000000 0.466716 0.000000 -0.884407 0.439556 0.439556 0.439556
1645.099731 0.000000 369.360321 0.000000 0.956394 0.000000 0.292079 0.390972 0.390972 0.390972
1647.067139 0.000000 370.384766 0.000000 0.970364 0.000000 0.241648 0.384158 0.384158 0.384158
1727.428711 0.000000 378.440460 0.000000 0.067990 0.000000 0.997686 0.278445 0.278445 0.278445
1767.278198 0.000000 361.706787 0.000000 0.589673 0.000000 -0.807642 0.458208 0.458208 0.458208
1542.636963 0.000000 398.809784 0.000000 0.997020 0.000000 -0.077138 0.408983 0.408983 0.408983
1544.953491 0.000000 396.998199 0.000000 0.573900 0.000000 0.818925 0.367900 0.367900 0.367900
1567.313843 0.000000 392.498413 0.000000 0.183382 0.000000 -0.983042 0.446379 0.446379 0.446379
1595.202026 0.000000 399.644897 0.000000 0.950297 0.000000 -0.311344 0.421658 0.421658 0.421658
1727.082886 0.000000 386.456665 0.000000 0.931855 0.000000 0.362830 0.375899 0.375899 0.375899
1814.790161 0.000000 360.461151 0.000000 0.431258 0.000000 0.902229 0.381465 0.381465 0.381465
1820.491455 0.000000 378.618713 0.000000 0.567349 0.000000 0.823477 0.294204 0.294204 0.294204
1822.641479 0.000000 380.891693 0.000000 0.997055 0.000000 -0.076685 0.402108 0.402108 0.402108
1836.408081 0.000000 375.190033 0.000000 0.887191 0.000000 0.461403 0.357377 0.357377 0.357377
1815.169434 0.000000 358.216187 0.000000 0.980774 0.000000 -0.195149 0.409807 0.409807 0.409807
1961.124634 0.000000 363.445557 0.000000 0.576040 0.000000 -0.817422 0.414334 0.414334 0.414334
1965.152588 0.000000 366.315826 0.000000 0.789988 0.000000 0.613122 0.379568 0.379568 0.379568
1965.836060 0.000000 360.808899 0.000000 0.734031 0.000000 -0.679116 0.434294 0.434294 0.434294
1994.152954 0.000000 355.385712 0.000000 0.848064 0.000000 0.529893 0.374903 0.374903 0.374903
1824.356812 0.000000 385.711761 0.000000 0.303435 0.000000 -0.952852 0.435301 0.435301 0.435301
1988.174438 0.000000 416.923309 0.000000 0.700535 0.000000 0.713618 0.383732 0.383732 0.383732
2032.814575 0.000000 389.658173 0.000000 0.666571 0.000000 0.745441 0.373119 0.373119 0.373119
2016.333374 0.000000 385.711761 0.000000 0.957023 0.000000 0.290013 0.390450 0.390450 0.390450
1989.502930 0.000000 419.286896 0.000000 0.310506 0.000000 -0.950572 0.448254 0.448254 0.448254
1994.152954 0.000000 419.370087 0.000000 0.831124 0.000000 -0.556087 0.425910 0.425910 0.425910
2029.362305 0.000000 391.326904 0.000000 0.983912 0.000000 -0.178651 0.413632 0.413632 0.413632
1988.290771 0.000000 387.689453 0.000000 0.986985 0.000000 -0.160814 0.407823 0.407823 0.407823
1985.125732 0.000000 388.991150 0.000000 0.105185 0.000000 0.994453 0.306343 0.306343 0.306343
1037.496216 0.000000 571.894958 0.000000 0.458505 0.000000 -0.888692 0.426778 0.426778 0.426778
1067.186035 0.000000 572.362549 0.000000 0.862825 0.000000 0.505502 0.360043 0.360043 0.360043
1034.758301 0.000000 568.947083 0.000000 0.662484 0.000000 0.749076 0.361107 0.361107 0.361107
1093.135742 0.000000 553.549194 0.000000 0.871988 0.000000 -0.489526 0.413026 0.413026 0.413026
1095.450073 0.000000 558.523376 0.000000 0.982009 0.000000 -0.188832 0.406071 0.406071 0.406071
1150.723877 0.000000 525.265747 0.000000 0.333367 0.000000 -0.942797 0.431960 0.431960 0.431960
1088.075928 0.000000 553.148743 0.000000 0.624512 0.000000 0.781015 0.333766 0.333766 0.333766
1124.620972 0.000000 563.266785 0.000000 0.982283 0.000000 0.187401 0.385598 0.385598 0.385598
1150.974121 0.000000 565.705688 0.000000 0.194351 0.000000 -0.980932 0.467978 0.467978 0.467978
1077.864014 0.000000 637.925598 0.000000 0.036340 0.000000 -0.999340 0.426050 0.426050 0.426050
1140.751343 0.000000 583.162598 0.000000 0.939205 0.000000 0.343357 0.397725 0.397725 0.397725
1132.500732 0.000000 588.517883 0.000000 0.975023 0.000000 -0.222104 0.403019 0.403019 0.403019
1092.551636 0.000000 620.380310 0.000000 0.786142 0.000000 0.618046 0.375383 0.375383 0.375383
1089.501465 0.000000 629.578979 0.000000 0.913401 0.000000 0.407061 0.381160 0.381160 0.381160
1161.120239 0.000000 566.701538 0.000000 0.810596 0.000000 -0.585606 0.409371 0.409371 0.409371
1151.980103 0.000000 524.362610 0.000000 0.361853 0.000000 0.932235 0.368829 0.368829 0.368829
1199.329468 0.000000 523.649841 0.000000 0.971492 0.000000 0.237074 0.392351 0.392351 0.392351
1173.903931 0.000000 545.607788 0.000000 0.959361 0.000000 -0.282182 0.418854 0.418854 0.418854
1172.357544 0.000000 543.584900 0.000000 0.714812 0.000000 0.699317 0.352438 0.352438 0.352438
1153.615601 0.000000 574.936279 0.000000 0.134106 0.000000 -0.990967 0.496098 0.496098 0.496098
1151.931152 0.000000 521.123901 0.000000 0.540881 0.000000 -0.841099 0.470354 0.470354 0.470354
1224.289063 0.000000 551.800598 0.000000 0.972925 0.000000 -0.231123 0.405706 0.405706 0.405706
1265.539673 0.000000 512.534363 0.000000 0.312801 0.000000 0.949819 0.316188 0.316188 0.316188
1222.184692 0.000000 551.727905 0.000000 0.775809 0.000000 0.630968 0.355338 0.355338 0.355338
765.929626 0.000000 1693.495117 0.000000 0.112912 0.000000 0.993605 0.376710 0.376710 0.376710
760.421204 0.000000 1735.771484 0.000000 0.996612 0.000000 0.082245 0.397986 0.397986 0.397986
828.457214 0.000000 1724.314453 0.000000 0.068734 0.000000 0.997635 0.394000 0.394000 0.394000
784.278931 0.000000 1725.735229 0.000000 0.586041 0.000000 0.810281 0.389623 0.389623 0.389623
788.686462 0.000000 1681.437256 0.000000 0.137304 0.000000 -0.990529 0.436493 0.436493 0.436493
781.527405 0.000000 1723.613770 0.000000 0.854214 0.000000 -0.519921 0.413104 0.413104 0.413104
781.605713 0.000000 1726.457886 0.000000 0.772609 0.000000 0.634882 0.372867 0.372867 0.372867
810.168945 0.000000 1677.313354 0.000000 0.321808 0.000000 -0.946805 0.464555 0.464555 0.464555
832.399292 0.000000 1714.710327 0.000000 0.025287 0.000000 -0.999680 0.407717 0.407717 0.407717
840.155334 0.000000 1707.086182 0.000000 0.154968 0.000000 -0.987920 0.409186 0.409186 0.409186
837.151184 0.000000 1701.625977 0.000000 0.997228 0.000000 -0.074405 0.400558 0.400558 0.400558
831.932434 0.000000 1702.394897 0.000000 0.990013 0.000000 0.140977 0.397952 0.397952 0.397952
882.751404 0.000000 1727.568848 0.000000 0.144312 0.000000 0.989532 0.367248 0.367248 0.367248
835.383606 0.000000 1724.895386 0.000000 0.643194 0.000000 0.765703 0.381275 0.381275 0.381275
858.844299 0.000000 1713.094971 0.000000 0.401898 0.000000 0.915684 0.367643 0.367643 0.367643
834.862915 0.000000 1690.011719 0.000000 0.637919 0.000000 0.770103 0.371472 0.371472 0.371472
854.980774 0.000000 1711.067383 0.000000 0.698223 0.000000 -0.715880 0.431473 0.431473 0.431473
840.505920 0.000000 1686.902100 0.000000 0.704511 0.000000 0.709693 0.370845 0.370845 0.370845
833.532654 0.000000 1717.313354 0.000000 0.399891 0.000000 0.916563 0.361793 0.361793 0.361793
833.654602 0.000000 1726.655029 0.000000 0.508091 0.000000 0.861303 0.335743 0.335743 0.335743
856.850281 0.000000 1712.286377 0.000000 0.090787 0.000000 -0.995870 0.485715 0.485715 0.485715
781.948975 0.000000 1752.140991 0.000000 0.263575 0.000000 -0.964639 0.439719 0.439719 0.439719
878.036072 0.000000 1757.864502 0.000000 0.643315 0.000000 -0.765602 0.403918 0.403918 0.403918
862.832153 0.000000 1755.837524 0.000000 0.635236 0.000000 0.772318 0.294689 0.294689 0.294689
871.826172 0.000000 1753.161865 0.000000 0.578054 0.000000 0.815998 0.287530 0.287530 0.287530
838.686768 0.000000 1732.265625 0.000000 0.605092 0.000000 0.796155 0.392183 0.392183 0.392183
837.259460 0.000000 1751.904541 0.000000 0.628861 0.000000 -0.777518 0.410229 0.410229 0.410229
870.384827 0.000000 1748.251709 0.000000 0.249916 0.000000 -0.968268 0.547435 0.547435 0.547435
864.560852 0.000000 1742.981689 0.000000 0.463322 0.000000 0.886190 0.374443 0.374443 0.374443
874.475647 0.000000 1755.014404 0.000000 0.979114 0.000000 0.203313 0.379963 0.379963 0.379963
854.886230 0.000000 1747.615723 0.000000 0.391362 0.000000 0.920237 0.353317 0.353317 0.353317
840.505920 0.000000 1750.886475 0.000000 0.591951 0.000000 0.805974 0.360687 0.360687 0.360687
860.605896 0.000000 1753.879028 0.000000 0.767089 0.000000 0.641541 0.334967 0.334967 0.334967
872.374329 0.000000 1750.259644 0.000000 0.688483 0.000000 0.725253 0.326670 0.326670 0.326670
848.939941 0.000000 1747.815552 0.000000 0.402431 0.000000 -0.915450 0.445046 0.445046 0.445046
874.805298 0.000000 1752.195068 0.000000 0.999488 0.000000 -0.032011 0.402622 0.402622 0.402622
860.244995 0.000000 1757.106812 0.000000 0.565381 0.000000 -0.824830 0.440680 0.440680 0.440680
887.722900 0.000000 1741.269897 0.000000 0.778798 0.000000 -0.627274 0.448752 0.448752 0.448752
888.802307 0.000000 1739.218506 0.000000 0.955217 0.000000 -0.295906 0.418449 0.418449 0.418449
2076.460205 0.000000 378.618713 0.000000 0.980625 0.000000 0.195896 0.394881 0.394881 0.394881
2064.760986 0.000000 369.504517 0.000000 0.582162 0.000000 0.813073 0.363498 0.363498 0.363498
2068.538574 0.000000 371.089935 0.000000 0.732721 0.000000 0.680529 0.371223 0.371223 0.371223
2080.889648 0.000000 378.327789 0.000000 0.667318 0.000000 0.744773 0.374409 0.374409 0.374409
2090.167236 0.000000 357.255768 0.000000 0.771084 0.000000 0.636733 0.373807 0.373807 0.373807
2076.024658 0.000000 374.942047 0.000000 0.742103 0.000000 0.670286 0.371757 0.371757 0.371757
2063.414307 0.000000 371.622650 0.000000 0.950555 0.000000 0.310556 0.375403 0.375403 0.375403
2168.382324 0.000000 372.276031 0.000000 0.989206 0.000000 -0.146531 0.417770 0.417770 0.417770
2156.957764 0.000000 356.311401 0.000000 0.409866 0.000000 0.912146 0.261798 0.261798 0.261798
2159.916260 0.000000 359.370605 0.000000 0.583493 0.000000 -0.812118 0.421295 0.421295 0.421295
2172.633789 0.000000 368.245483 0.000000 0.610240 0.000000 -0.792217 0.435614 0.435614 0.435614
2152.051025 0.000000 366.034790 0.000000 0.829031 0.000000 0.559202 0.349629 0.349629 0.349629
2161.567139 0.000000 376.861389 0.000000 0.124819 0.000000 -0.992179 0.460633 0.460633 0.460633
2155.120117 0.000000 364.875519 0.000000 0.416447 0.000000 -0.909160 0.450716 0.450716 0.450716
2171.540039 0.000000 383.087280 0.000000 0.997953 0.000000 0.063947 0.397092 0.397092 0.397092
2171.468506 0.000000 366.111908 0.000000 0.852236 0.000000 0.523158 0.375809 0.375809 0.375809
2157.812500 0.000000 360.808899 0.000000 0.947734 0.000000 -0.319062 0.415728 0.415728 0.415728
2165.925537 0.000000 372.268585 0.000000 0.393429 0.000000 0.919355 0.341176 0.341176 0.341176
2155.388672 0.000000 362.520020 0.000000 0.329090 0.000000 0.944298 0.307469 0.307469 0.307469
2164.453125 0.000000 380.003479 0.000000 0.991316 0.000000 -0.131501 0.408034 0.408034 0.408034
2157.330566 0.000000 358.611481 0.000000 0.955134 0.000000 -0.296174 0.415464 0.415464 0.415464
2149.249023 0.000000 355.417572 0.000000 0.951813 0.000000 0.306680 0.381012 0.381012 0.381012
2155.187256 0.000000 355.098694 0.000000 0.522548 0.000000 0.852610 0.337807 0.337807 0.337807
2179.991699 0.000000 367.282959 0.000000 0.055077 0.000000 -0.998482 0.420434 0.420434 0.420434
2188.242676 0.000000 372.811401 0.000000 0.999999 0.000000 -0.001048 0.400025 0.400025 0.400025
2181.002930 0.000000 361.596069 0.000000 0.653550 0.000000 0.756883 0.380710 0.380710 0.380710
2177.490479 0.000000 382.983154 0.000000 0.772273 0.000000 -0.635291 0.442621 0.442621 0.442621
2093.338379 0.000000 422.595856 0.000000 0.817590 0.000000 -0.575801 0.437990 0.437990 0.437990
2156.058105 0.000000 384.059174 0.000000 0.028972 0.000000 0.999580 0.364587 0.364587 0.364587
2127.958008 0.000000 443.534943 0.000000 0.796055 0.000000 -0.605224 0.428887 0.428887 0.428887
2155.339111 0.000000 414.554077 0.000000 0.252996 0.000000 0.967467 0.314642 0.314642 0.314642
2170.165039 0.000000 388.203491 0.000000 0.726839 0.000000 0.686808 0.362576 0.362576 0.362576
2156.383057 0.000000 412.314728 0.000000 0.998660 0.000000 -0.051749 0.403774 0.403774 0.403774
2130.861816 0.000000 403.253601 0.000000 0.894820 0.000000 -0.446427 0.427728 0.427728 0.427728
2169.088867 0.000000 383.976837 0.000000 0.994581 0.000000 0.103966 0.392771 0.392771 0.392771
2205.238770 0.000000 385.629913 0.000000 0.994457 0.000000 -0.105143 0.400736 0.400736 0.400736
2237.901611 0.000000 434.992462 0.000000 0.451621 0.000000 -0.892210 0.411007 0.411007 0.411007
2231.352051 0.000000 411.064941 0.000000 0.988358 0.000000 0.152146 0.396111 0.396111 0.396111
2198.722168 0.000000 403.943848 0.000000 0.740312 0.000000 0.672264 0.376072 0.376072 0.376072
2204.028320 0.000000 421.237610 0.000000 0.401233 0.000000 0.915976 0.298821 0.298821 0.298821
2201.260254 0.000000 423.387421 0.000000 0.664307 0.000000 -0.747460 0.474611 0.474611 0.474611
2179.967773 0.000000 399.800201 0.000000 0.598199 0.000000 0.801348 0.359621 0.359621 0.359621
2204.044189 0.000000 418.622223 0.000000 0.660221 0.000000 0.751071 0.366484 0.366484 0.366484
2203.130615 0.000000 384.027191 0.000000 0.859269 0.000000 -0.511525 0.442093 0.442093 0.442093
2199.122559 0.000000 422.200562 0.000000 0.679221 0.000000 0.733934 0.350211 0.350211 0.350211
2239.760498 0.000000 422.707428 0.000000 0.644403 0.000000 0.764686 0.389133 0.389133 0.389133
2241.692383 0.000000 432.804016 0.000000 0.924189 0.000000 -0.381934 0.417219 0.417219 0.417219
2198.856934 0.000000 464.679321 0.000000 0.899605 0.000000 -0.436704 0.424145 0.424145 0.424145
2270.803711 0.000000 459.302979 0.000000 0.802007 0.000000 0.597314 0.390731 0.390731 0.390731
2278.600586 0.000000 456.750916 0.000000 0.484140 0.000000 0.874991 0.373933 0.373933 0.373933
2291.939697 0.000000 469.619812 0.000000 0.978048 0.000000 0.208380 0.379142 0.379142 0.379142
2293.400391 0.000000 466.299927 0.000000 0.421636 0.000000 0.906765 0.304746 0.304746 0.304746
2273.284424 0.000000 457.700989 0.000000 0.077924 0.000000 0.996959 0.318755 0.318755 0.318755
2277.720459 0.000000 459.027466 0.000000 0.400922 0.000000 -0.916112 0.469979 0.469979 0.469979
2276.464844 0.000000 457.241150 0.000000 0.278489 0.000000 -0.960440 0.475278 0.475278 0.475278
2314.602051 0.000000 440.978363 0.000000 0.422609 0.000000 -0.906312 0.466842 0.466842 0.466842
2314.955078 0.000000 443.456329 0.000000 0.537523 0.000000 0.843249 0.329365 0.329365 0.329365
2318.125977 0.000000 449.458618 0.000000 0.868429 0.000000 0.495813 0.383163 0.383163 0.383163
2370.675293 0.000000 474.308655 0.000000 0.543808 0.000000 0.839209 0.375139 0.375139 0.375139
2485.692139 0.000000 445.972473 0.000000 0.514761 0.000000 -0.857334 0.422630 0.422630 0.422630
2745.395020 0.000000 349.095306 0.000000 0.966677 0.000000 -0.256000 0.410212 0.410212 0.410212
2737.278076 0.000000 336.219391 0.000000 0.480726 0.000000 -0.876871 0.490232 0.490232 0.490232
2754.426514 0.000000 349.464050 0.000000 0.526755 0.000000 0.850017 0.280783 0.280783 0.280783
2803.877197 0.000000 341.651062 0.000000 0.517146 0.000000 -0.855897 0.430776 0.430776 0.430776
2660.961914 0.000000 426.185516 0.000000 0.941259 0.000000 0.337685 0.392604 0.392604 0.392604
2655.883057 0.000000 447.655518 0.000000 0.993121 0.000000 0.117091 0.397011 0.397011 0.397011
2667.057617 0.000000 428.859894 0.000000 0.450119 0.000000 -0.892969 0.452914 0.452914 0.452914
2661.853516 0.000000 450.404572 0.000000 0.837373 0.000000 0.546633 0.385562 0.385562 0.385562
2671.149658 0.000000 459.665466 0.000000 0.999816 0.000000 0.019190 0.398227 0.398227 0.398227
2635.958984 0.000000 450.932404 0.000000 0.850689 0.000000 -0.525669 0.425426 0.425426 0.425426
2750.343018 0.000000 444.385498 0.000000 0.588899 0.000000 0.808207 0.347371 0.347371 0.347371
2749.066650 0.000000 439.435181 0.000000 0.843763 0.000000 0.536715 0.364923 0.364923 0.364923
2746.094727 0.000000 452.187866 0.000000 0.912188 0.000000 0.409773 0.373016 0.373016 0.373016
2770.404541 0.000000 453.933594 0.000000 0.030036 0.000000 0.999549 0.349225 0.349225 0.349225
2777.259521 0.000000 455.204681 0.000000 0.512760 0.000000 -0.858532 0.440723 0.440723 0.440723
2774.724609 0.000000 450.605682 0.000000 0.298955 0.000000 -0.954267 0.473396 0.473396 0.473396
2832.667236 0.000000 369.504517 0.000000 0.576258 0.000000 -0.817268 0.427227 0.427227 0.427227
2833.280273 0.000000 367.231201 0.000000 0.272880 0.000000 0.962048 0.332784 0.332784 0.332784
2996.524658 0.000000 327.225098 0.000000 0.994192 0.000000 -0.107620 0.400700 0.400700 0.400700
2955.498291 0.000000 335.350464 0.000000 0.427409 0.000000 -0.904059 0.413531 0.413531 0.413531
2986.847900 0.000000 341.701569 0.000000 0.480254 0.000000 -0.877130 0.411218 0.411218 0.411218
3005.421875 0.000000 336.387909 0.000000 0.992131 0.000000 -0.125203 0.402633 0.402633 0.402633
2964.420898 0.000000 337.765381 0.000000 0.041957 0.000000 0.999119 0.364122 0.364122 0.364122
3006.497314 0.000000 333.312622 0.000000 0.877627 0.000000 0.479344 0.381279 0.381279 0.381279
2968.159912 0.000000 345.235931 0.000000 0.998835 0.000000 -0.048253 0.401808 0.401808 0.401808
2965.885742 0.000000 343.123627 0.000000 0.979608 0.000000 -0.200920 0.407778 0.407778 0.407778
2960.682129 0.000000 340.159271 0.000000 0.728902 0.000000 0.684618 0.371761 0.371761 0.371761
2988.998535 0.000000 343.191864 0.000000 0.976944 0.000000 -0.213496 0.408702 0.408702 0.408702
2962.953125 0.000000 347.365326 0.000000 0.032571 0.000000 -0.999469 0.525960 0.525960 0.525960
3002.063477 0.000000 324.219116 0.000000 0.992615 0.000000 0.121307 0.394110 0.394110 0.394110
3055.485840 0.000000 328.796112 0.000000 0.935522 0.000000 -0.353268 0.403966 0.403966 0.403966
3054.205566 0.000000 337.252686 0.000000 0.737403 0.000000 0.675453 0.391484 0.391484 0.391484
3010.978027 0.000000 332.984680 0.000000 0.983765 0.000000 -0.179463 0.404685 0.404685 0.404685
3016.780029 0.000000 337.119965 0.000000 0.268850 0.000000 0.963182 0.364986 0.364986 0.364986
3066.613037 0.000000 330.475037 0.000000 0.883441 0.000000 0.468542 0.385391 0.385391 0.385391
3007.704102 0.000000 338.499237 0.000000 0.254861 0.000000 0.966978 0.350827 0.350827 0.350827
3055.102783 0.000000 331.696716 0.000000 0.310027 0.000000 -0.950728 0.447019 0.447019 0.447019
3051.872070 0.000000 335.457031 0.000000 0.961416 0.000000 0.275097 0.386780 0.386780 0.386780
3054.721924 0.000000 334.556610 0.000000 0.793988 0.000000 0.607933 0.375529 0.375529 0.375529
3022.180664 0.000000 325.183411 0.000000 0.578875 0.000000 0.815417 0.330494 0.330494 0.330494
3036.600586 0.000000 330.025391 0.000000 0.513234 0.000000 0.858248 0.343842 0.343842 0.343842
3041.190674 0.000000 329.732239 0.000000 0.082748 0.000000 0.996570 0.293758 0.293758 0.293758
3081.300293 0.000000 330.167328 0.000000 0.394051 0.000000 -0.919089 0.403492 0.403492 0.403492
3116.258545 0.000000 332.580414 0.000000 0.679879 0.000000 0.733324 0.390957 0.390957 0.390957
3090.365479 0.000000 325.964844 0.000000 0.796597 0.000000 0.604511 0.374718 0.374718 0.374718
3124.229736 0.000000 333.201324 0.000000 0.259979 0.000000 -0.965614 0.445057 0.445057 0.445057
3119.094971 0.000000 331.696716 0.000000 0.713857 0.000000 0.700292 0.371335 0.371335 0.371335
3090.032227 0.000000 322.083801 0.000000 0.980996 0.000000 -0.194029 0.413455 0.413455 0.413455
3198.802979 0.000000 326.824829 0.000000 0.955726 0.000000 -0.294259 0.405965 0.405965 0.405965
3167.552734 0.000000 339.184570 0.000000 0.872491 0.000000 0.488630 0.375274 0.375274 0.375274
3257.986816 0.000000 321.890228 0.000000 0.983760 0.000000 -0.179488 0.404055 0.404055 0.404055
3199.681152 0.000000 329.170776 0.000000 0.864419 0.000000 -0.502772 0.429723 0.429723 0.429723
3308.737061 0.000000 329.783447 0.000000 0.512884 0.000000 0.858458 0.351551 0.351551 0.351551
3268.134521 0.000000 323.705078 0.000000 0.579525 0.000000 0.814954 0.333407 0.333407 0.333407
3327.665527 0.000000 329.170776 0.000000 0.515185 0.000000 -0.857079 0.455520 0.455520 0.455520
2797.801758 0.000000 2909.583252 0.000000 0.001383 0.000000 0.999999 0.214281 0.214281 0.214281
2813.093750 0.000000 2900.120605 0.000000 0.166655 0.000000 0.986015 0.240939 0.240939 0.240939
2804.115479 0.000000 2904.399414 0.000000 0.209259 0.000000 -0.977860 0.558898 0.558898 0.558898
2794.241211 0.000000 2906.733154 0.000000 0.287757 0.000000 0.957703 0.278671 0.278671 0.278671
2804.268799 0.000000 2892.576416 0.000000 0.477822 0.000000 0.878457 0.357154 0.357154 0.357154
2792.139893 0.000000 2901.978271 0.000000 0.146821 0.000000 0.989163 0.282017 0.282017 0.282017
2787.815674 0.000000 2898.654541 0.000000 0.937791 0.000000 -0.347201 0.419121 0.419121 0.419121
2810.527588 0.000000 2899.641113 0.000000 0.230418 0.000000 -0.973092 0.511593 0.511593 0.511593
2874.066895 0.000000 2892.822266 0.000000 0.901303 0.000000 -0.433189 0.453242 0.453242 0.453242
2874.925781 0.000000 2905.889893 0.000000 0.530913 0.000000 0.847426 0.283882 0.283882 0.283882
2865.415039 0.000000 2892.778564 0.000000 0.929531 0.000000 -0.368744 0.442994 0.442994 0.442994
2857.197754 0.000000 2895.708984 0.000000 0.660059 0.000000 0.751214 0.301548 0.301548 0.301548
2871.027832 0.000000 2899.823242 0.000000 0.605030 0.000000 -0.796203 0.503469 0.503469 0.503469
2877.085938 0.000000 2900.120605 0.000000 0.075087 0.000000 0.997177 0.223011 0.223011 0.223011
2835.531982 0.000000 2900.775635 0.000000 0.975811 0.000000 0.218615 0.397139 0.397139 0.397139
2862.229004 0.000000 2896.627686 0.000000 0.962585 0.000000 -0.270981 0.430281 0.430281 0.430281
2818.000977 0.000000 2899.875244 0.000000 0.435874 0.000000 0.900008 0.383785 0.383785 0.383785
2869.768799 0.000000 2895.077881 0.000000 0.066405 0.000000 -0.997793 0.570507 0.570507 0.570507
2864.196533 0.000000 2904.453369 0.000000 0.227945 0.000000 0.973674 0.262085 0.262085 0.262085
2838.644043 0.000000 2899.334473 0.000000 0.689487 0.000000 0.724298 0.320324 0.320324 0.320324
2853.276611 0.000000 2902.895264 0.000000 0.788226 0.000000 -0.615385 0.462886 0.462886 0.462886
2863.126221 0.000000 2891.071777 0.000000 0.655744 0.000000 0.754983 0.360695 0.360695 0.360695
2834.854492 0.000000 2895.050049 0.000000 0.479968 0.000000 0.877286 0.312901 0.312901 0.312901
2857.918945 0.000000 2893.016602 0.000000 0.338350 0.000000 0.941020 0.295965 0.295965 0.295965
2846.773438 0.000000 2900.759033 0.000000 0.331645 0.000000 -0.943404 0.452320 0.452320 0.452320
2850.868652 0.000000 2902.312744 0.000000 0.591577 0.000000 0.806248 0.325081 0.325081 0.325081
2846.367676 0.000000 2893.118164 0.000000 0.280077 0.000000 -0.959978 0.480322 0.480322 0.480322
2855.629639 0.000000 2893.782959 0.000000 0.596853 0.000000 0.802351 0.323745 0.323745 0.323745
2844.437256 0.000000 2892.551025 0.000000 0.437762 0.000000 -0.899091 0.469201 0.469201 0.469201
2881.150635 0.000000 2895.153320 0.000000 0.867710 0.000000 0.497071 0.338179 0.338179 0.338179
2922.633545 0.000000 2887.243408 0.000000 0.225585 0.000000 0.974224 0.243056 0.243056 0.243056
2879.878906 0.000000 2904.175537 0.000000 0.750403 0.000000 0.660981 0.314546 0.314546 0.314546
2880.362305 0.000000 2913.462646 0.000000 0.866682 0.000000 -0.498860 0.461284 0.461284 0.461284
2888.449707 0.000000 2899.625000 0.000000 0.313554 0.000000 0.949570 0.251859 0.251859 0.251859
2891.506104 0.000000 2894.725586 0.000000 0.249240 0.000000 0.968442 0.243267 0.243267 0.243267
2917.075439 0.000000 2885.041016 0.000000 0.232658 0.000000 -0.972559 0.558096 0.558096 0.558096
2894.387939 0.000000 2890.461914 0.000000 0.924972 0.000000 -0.380036 0.444575 0.444575 0.444575
2890.820068 0.000000 2904.367920 0.000000 0.416588 0.000000 -0.909095 0.412535 0.412535 0.412535
2882.410889 0.000000 2908.839111 0.000000 0.984384 0.000000 -0.176034 0.419350 0.419350 0.419350
2910.725586 0.000000 2890.709229 0.000000 0.860314 0.000000 0.509764 0.340707 0.340707 0.340707
2930.867920 0.000000 2882.746094 0.000000 0.973210 0.000000 -0.229920 0.405213 0.405213 0.405213
2912.310791 0.000000 2894.700439 0.000000 0.939870 0.000000 0.341533 0.393039 0.393039 0.393039
2879.769287 0.000000 2891.784424 0.000000 0.958159 0.000000 -0.286236 0.431309 0.431309 0.431309
2920.316895 0.000000 2884.586182 0.000000 0.979357 0.000000 0.202140 0.378861 0.378861 0.378861
2885.094482 0.000000 2907.401855 0.000000 0.885895 0.000000 -0.463886 0.446485 0.446485 0.446485
2888.255859 0.000000 2902.605225 0.000000 0.822088 0.000000 0.569361 0.342838 0.342838 0.342838
2890.865723 0.000000 2901.554199 0.000000 0.474346 0.000000 -0.880338 0.501596 0.501596 0.501596
2885.577637 0.000000 2910.033936 0.000000 0.665537 0.000000 0.746365 0.368447 0.368447 0.368447
2933.370361 0.000000 2882.339844 0.000000 0.913692 0.000000 -0.406406 0.419643 0.419643 0.419643
2879.857178 0.000000 2920.570557 0.000000 0.271582 0.000000 0.962415 0.334008 0.334008 0.334008
2879.720215 0.000000 2888.545898 0.000000 0.992094 0.000000 -0.125494 0.406848 0.406848 0.406848
2916.386719 0.000000 2888.647461 0.000000 0.386795 0.000000 0.922166 0.325577 0.325577 0.325577
2934.517578 0.000000 2886.360840 0.000000 0.920050 0.000000 -0.391800 0.424926 0.424926 0.424926
3006.497314 0.000000 2892.687744 0.000000 0.785528 0.000000 -0.618826 0.421322 0.421322 0.421322
3038.348633 0.000000 2915.105713 0.000000 0.732131 0.000000 0.681164 0.395136 0.395136 0.395136
3019.490479 0.000000 2894.725586 0.000000 0.083916 0.000000 0.996473 0.224060 0.224060 0.224060
3050.840088 0.000000 2901.076660 0.000000 0.218949 0.000000 -0.975736 0.553020 0.553020 0.553020
3014.457275 0.000000 2894.200439 0.000000 0.601845 0.000000 0.798613 0.294697 0.294697 0.294697
3052.266357 0.000000 2891.955322 0.000000 0.688853 0.000000 0.724901 0.390283 0.390283 0.390283
3048.791504 0.000000 2909.451660 0.000000 0.890725 0.000000 0.454542 0.347225 0.347225 0.347225
3062.328857 0.000000 2890.560791 0.000000 0.721717 0.000000 -0.692189 0.483981 0.483981 0.483981
3057.332275 0.000000 2907.680420 0.000000 0.918786 0.000000 0.394756 0.391895 0.391895 0.391895
3065.990479 0.000000 2902.237549 0.000000 0.995282 0.000000 0.097027 0.397622 0.397622 0.397622
3051.997314 0.000000 2912.369141 0.000000 0.175635 0.000000 0.984455 0.355446 0.355446 0.355446
3059.845947 0.000000 2901.026123 0.000000 0.390470 0.000000 -0.920615 0.429785 0.429785 0.429785
3056.173096 0.000000 2904.453369 0.000000 0.117853 0.000000 0.993031 0.358656 0.358656 0.358656
3055.102783 0.000000 2891.071777 0.000000 0.538420 0.000000 -0.842677 0.442036 0.442036 0.442036
3046.604736 0.000000 2897.145752 0.000000 0.923242 0.000000 0.384218 0.385232 0.385232 0.385232
3048.810303 0.000000 2899.239014 0.000000 0.413530 0.000000 -0.910490 0.440573 0.440573 0.440573
3011.866211 0.000000 2895.190918 0.000000 0.666771 0.000000 -0.745262 0.468441 0.468441 0.468441
3054.729736 0.000000 2907.119385 0.000000 0.759524 0.000000 -0.650479 0.457640 0.457640 0.457640
3043.172852 0.000000 2910.540527 0.000000 0.163616 0.000000 0.986524 0.294663 0.294663 0.294663
3047.606201 0.000000 2893.782959 0.000000 0.172559 0.000000 -0.984999 0.471865 0.471865 0.471865
3068.286865 0.000000 2902.515869 0.000000 0.945215 0.000000 0.326447 0.383728 0.383728 0.383728
3015.143555 0.000000 2888.769531 0.000000 0.203622 0.000000 -0.979050 0.477058 0.477058 0.477058
3026.846680 0.000000 2890.580322 0.000000 0.281259 0.000000 -0.959632 0.486022 0.486022 0.486022
3022.753174 0.000000 2898.645508 0.000000 0.477334 0.000000 -0.878722 0.466445 0.466445 0.466445
3022.397705 0.000000 2888.366211 0.000000 0.275375 0.000000 -0.961337 0.483852 0.483852 0.483852
3094.598389 0.000000 2910.728760 0.000000 0.142411 0.000000 -0.989808 0.561130 0.561130 0.561130
3099.991943 0.000000 2886.961670 0.000000 0.937624 0.000000 -0.347651 0.442017 0.442017 0.442017
3114.610107 0.000000 2887.243408 0.000000 0.850290 0.000000 -0.526314 0.465866 0.465866 0.465866
3105.414063 0.000000 2900.208740 0.000000 0.623499 0.000000 -0.781824 0.506665 0.506665 0.506665
3081.300293 0.000000 2889.542236 0.000000 0.263325 0.000000 0.964707 0.246302 0.246302 0.246302
3091.263672 0.000000 2888.320557 0.000000 0.835584 0.000000 -0.549363 0.466211 0.466211 0.466211
3113.166504 0.000000 2895.708984 0.000000 0.810188 0.000000 0.586170 0.325570 0.325570 0.325570
3080.426270 0.000000 2899.625000 0.000000 0.264362 0.000000 -0.964423 0.554222 0.554222 0.554222
3102.558594 0.000000 2907.556152 0.000000 0.205582 0.000000 0.978640 0.237939 0.237939 0.237939
3107.147705 0.000000 2890.441650 0.000000 0.186431 0.000000 0.982468 0.235618 0.235618 0.235618
3111.552734 0.000000 2904.880615 0.000000 0.305351 0.000000 -0.952240 0.542868 0.542868 0.542868
3100.397461 0.000000 2894.607666 0.000000 0.897738 0.000000 0.440530 0.346472 0.346472 0.346472
3083.482666 0.000000 2894.725586 0.000000 0.966945 0.000000 -0.254986 0.430382 0.430382 0.430382
3076.986084 0.000000 2903.623291 0.000000 0.081223 0.000000 0.996696 0.227458 0.227458 0.227458
3086.364502 0.000000 2890.461914 0.000000 0.859893 0.000000 0.510474 0.338475 0.338475 0.338475
3114.832275 0.000000 2901.076660 0.000000 0.672347 0.000000 -0.740237 0.494879 0.494879 0.494879
3078.449463 0.000000 2894.200439 0.000000 0.486064 0.000000 0.873923 0.278961 0.278961 0.278961
3119.478027 0.000000 2888.171143 0.000000 0.350434 0.000000 0.936587 0.263147 0.263147 0.263147
3099.193604 0.000000 2911.547119 0.000000 0.997957 0.000000 -0.063884 0.407246 0.407246 0.407246
3122.678955 0.000000 2898.026367 0.000000 0.962486 0.000000 0.271330 0.395747 0.395747 0.395747
3091.173340 0.000000 2913.424072 0.000000 0.377275 0.000000 -0.926101 0.420099 0.420099 0.420099
3077.071045 0.000000 2907.401855 0.000000 0.998749 0.000000 -0.050000 0.401549 0.401549 0.401549
3085.542969 0.000000 2896.881592 0.000000 0.822511 0.000000 -0.568750 0.458905 0.458905 0.458905
3071.674805 0.000000 2907.280518 0.000000 0.571988 0.000000 -0.820262 0.436501 0.436501 0.436501
3097.428711 0.000000 2893.830566 0.000000 0.784169 0.000000 -0.620547 0.428078 0.428078 0.428078
3114.531738 0.000000 2903.913818 0.000000 0.999993 0.000000 -0.003839 0.400355 0.400355 0.400355
3116.982910 0.000000 2902.566895 0.000000 0.057652 0.000000 -0.998337 0.467241 0.467241 0.467241
3107.165039 0.000000 2910.540527 0.000000 0.178969 0.000000 -0.983855 0.475003 0.475003 0.475003
3074.397705 0.000000 2897.434570 0.000000 0.911948 0.000000 -0.410305 0.421110 0.421110 0.421110
3093.669434 0.000000 2913.029785 0.000000 0.979983 0.000000 0.199080 0.387791 0.387791 0.387791
3096.075684 0.000000 2891.766846 0.000000 0.320705 0.000000 0.947179 0.308047 0.308047 0.308047
3072.410645 0.000000 2901.315674 0.000000 0.185488 0.000000 -0.982647 0.485704 0.485704 0.485704
3188.501221 0.000000 2886.600098 0.000000 0.990135 0.000000 -0.140113 0.416144 0.416144 0.416144
3150.356689 0.000000 2890.461914 0.000000 0.337339 0.000000 -0.941383 0.412863 0.412863 0.412863
3183.470215 0.000000 2888.171143 0.000000 0.487989 0.000000 0.872850 0.386756 0.386756 0.386756
3174.491211 0.000000 2888.157227 0.000000 0.225574 0.000000 -0.974226 0.540177 0.540177 0.540177
3148.103027 0.000000 2888.164307 0.000000 0.996694 0.000000 -0.081244 0.402924 0.402924 0.402924
3178.211426 0.000000 2889.955811 0.000000 0.157817 0.000000 -0.987468 0.454299 0.454299 0.454299
3152.948975 0.000000 2889.586426 0.000000 0.719256 0.000000 -0.694745 0.462511 0.462511 0.462511
3150.165039 0.000000 2884.558350 0.000000 0.110008 0.000000 -0.993931 0.480220 0.480220 0.480220
3164.584961 0.000000 2889.400391 0.000000 0.956162 0.000000 -0.292839 0.413652 0.413652 0.413652
3140.150146 0.000000 2883.080078 0.000000 0.724727 0.000000 0.689036 0.361285 0.361285 0.361285
3196.230957 0.000000 2891.740967 0.000000 0.421456 0.000000 -0.906849 0.481094 0.481094 0.481094
3194.040039 0.000000 2883.593994 0.000000 0.777673 0.000000 -0.628668 0.437340 0.437340 0.437340
3156.822754 0.000000 2885.164307 0.000000 0.304336 0.000000 0.952565 0.333860 0.333860 0.333860
3162.180176 0.000000 2888.907959 0.000000 0.524512 0.000000 -0.851403 0.459509 0.459509 0.459509
3143.127930 0.000000 2888.769531 0.000000 0.526638 0.000000 -0.850090 0.451752 0.451752 0.451752
3178.808838 0.000000 2884.206787 0.000000 0.631725 0.000000 0.775193 0.351281 0.351281 0.351281
3225.421387 0.000000 2878.412598 0.000000 0.378358 0.000000 -0.925659 0.458467 0.458467 0.458467
3305.525879 0.000000 2879.243652 0.000000 0.278147 0.000000 0.960539 0.338217 0.338217 0.338217
3219.248047 0.000000 2888.320557 0.000000 0.652552 0.000000 0.757744 0.295673 0.295673 0.295673
3206.397705 0.000000 2883.984375 0.000000 0.225582 0.000000 -0.974224 0.410060 0.410060 0.410060
3210.781006 0.000000 2904.367920 0.000000 0.199795 0.000000 0.979838 0.250231 0.250231 0.250231
3211.712646 0.000000 2884.903076 0.000000 0.740927 0.000000 0.671585 0.388602 0.388602 0.388602
3201.954102 0.000000 2899.875244 0.000000 0.131406 0.000000 -0.991329 0.417963 0.417963 0.417963
3202.890137 0.000000 2885.168213 0.000000 0.686946 0.000000 -0.726708 0.415436 0.415436 0.415436
3250.618164 0.000000 2889.468750 0.000000 0.413096 0.000000 0.910688 0.369129 0.369129 0.369129
3240.277832 0.000000 2884.586182 0.000000 0.719094 0.000000 0.694913 0.376599 0.376599 0.376599
3214.765137 0.000000 2893.926270 0.000000 0.627743 0.000000 -0.778421 0.424055 0.424055 0.424055
3207.611572 0.000000 2905.418701 0.000000 0.280376 0.000000 0.959890 0.274086 0.274086 0.274086
3212.095215 0.000000 2888.164307 0.000000 0.323156 0.000000 -0.946346 0.433481 0.433481 0.433481
3229.753662 0.000000 2883.950928 0.000000 0.351781 0.000000 -0.936082 0.505844 0.505844 0.505844
3210.126465 0.000000 2907.133545 0.000000 0.945711 0.000000 -0.325008 0.412892 0.412892 0.412892
3216.941162 0.000000 2889.586426 0.000000 0.419660 0.000000 0.907682 0.342056 0.342056 0.342056
3214.157227 0.000000 2884.558350 0.000000 0.494442 0.000000 -0.869211 0.459972 0.459972 0.459972
3202.382080 0.000000 2897.434570 0.000000 0.907276 0.000000 -0.420536 0.418421 0.418421 0.418421
3224.060059 0.000000 2891.766846 0.000000 0.025187 0.000000 -0.999683 0.507271 0.507271 0.507271
3247.311768 0.000000 2883.201904 0.000000 0.082618 0.000000 -0.996581 0.489162 0.489162 0.489162
3242.801025 0.000000 2884.206787 0.000000 0.688426 0.000000 -0.725307 0.458346 0.458346 0.458346
3257.136475 0.000000 2885.623047 0.000000 0.505771 0.000000 0.862668 0.327784 0.327784 0.327784
3291.968506 0.000000 2886.961670 0.000000 0.543189 0.000000 0.839610 0.285056 0.285056 0.285056
3318.654785 0.000000 2880.049072 0.000000 0.854552 0.000000 -0.519365 0.400545 0.400545 0.400545
3273.276855 0.000000 2889.542236 0.000000 0.298239 0.000000 0.954491 0.249322 0.249322 0.249322
3283.240234 0.000000 2888.320557 0.000000 0.967014 0.000000 -0.254723 0.430607 0.430607 0.430607
3305.036377 0.000000 2881.368164 0.000000 0.833472 0.000000 0.552561 0.333060 0.333060 0.333060
3275.459229 0.000000 2894.725586 0.000000 0.176101 0.000000 0.984372 0.234370 0.234370 0.234370
3301.028564 0.000000 2885.041016 0.000000 0.799956 0.000000 -0.600059 0.476158 0.476158 0.476158
3303.836426 0.000000 2891.331787 0.000000 0.496495 0.000000 -0.868040 0.417846 0.417846 0.417846
3314.655518 0.000000 2898.026367 0.000000 0.902645 0.000000 0.430386 0.391114 0.391114 0.391114
3322.581787 0.000000 2889.850098 0.000000 0.116286 0.000000 -0.993216 0.540141 0.540141 0.540141
3289.405273 0.000000 2893.830566 0.000000 0.854472 0.000000 -0.519497 0.420457 0.420457 0.420457
3316.206299 0.000000 2892.576416 0.000000 0.541911 0.000000 -0.840436 0.493192 0.493192 0.493192
3313.207764 0.000000 2895.594482 0.000000 0.738650 0.000000 0.674089 0.373776 0.373776 0.373776
3274.818848 0.000000 2901.554199 0.000000 0.146001 0.000000 0.989284 0.334574 0.334574 0.334574
3280.643066 0.000000 2899.534180 0.000000 0.557897 0.000000 0.829910 0.360896 0.360896 0.360896
3286.662109 0.000000 2882.011963 0.000000 0.948300 0.000000 0.317376 0.383390 0.383390 0.383390
3266.374268 0.000000 2897.434570 0.000000 0.073614 0.000000 -0.997287 0.515866 0.515866 0.515866
3292.569336 0.000000 2889.400391 0.000000 0.495747 0.000000 0.868467 0.334860 0.334860 0.334860
3275.880859 0.000000 2882.338623 0.000000 0.577625 0.000000 0.816302 0.343734 0.343734 0.343734
3355.940186 0.000000 2908.825684 0.000000 0.996781 0.000000 0.080171 0.396995 0.396995 0.396995
3350.654297 0.000000 2882.011963 0.000000 0.817923 0.000000 -0.575327 0.433975 0.433975 0.433975
3352.603027 0.000000 2883.081787 0.000000 0.344823 0.000000 0.938668 0.330627 0.330627 0.330627
"}
