object={
	name="tree_pine_impassable_01_a_generator_1_0"
	clamp_to_water_level=no
	render_under_water=no
	generated_content=yes
	layer="tree_high_layer"
	pdxmesh="tree_pine_impassable_01_a_mesh"
	count=33
	transform="3481.519043 0.000000 2918.025391 0.000000 0.371877 0.000000 0.928282 0.400000 0.400000 0.400000
3484.511475 0.000000 2927.445801 0.000000 0.956647 0.000000 -0.291249 0.400000 0.400000 0.400000
3506.715332 0.000000 2928.034180 0.000000 0.970561 0.000000 -0.240855 0.400000 0.400000 0.400000
3482.264648 0.000000 2923.002441 0.000000 0.416213 0.000000 0.909267 0.400000 0.400000 0.400000
3481.337891 0.000000 2926.271973 0.000000 0.513131 0.000000 -0.858310 0.400000 0.400000 0.400000
3471.033936 0.000000 2968.392334 0.000000 0.452900 0.000000 -0.891561 0.400000 0.400000 0.400000
3452.976807 0.000000 2966.636475 0.000000 0.997114 0.000000 0.075919 0.400000 0.400000 0.400000
3479.497559 0.000000 2970.543701 0.000000 0.050082 0.000000 0.998745 0.400000 0.400000 0.400000
3508.552246 0.000000 2985.811035 0.000000 0.168594 0.000000 -0.985686 0.400000 0.400000 0.400000
3451.773926 0.000000 2959.635498 0.000000 0.940874 0.000000 0.338757 0.400000 0.400000 0.400000
3510.670654 0.000000 2979.116211 0.000000 0.626396 0.000000 0.779505 0.400000 0.400000 0.400000
3481.815674 0.000000 2930.482422 0.000000 0.218100 0.000000 0.975926 0.400000 0.400000 0.400000
3466.262695 0.000000 2970.545166 0.000000 0.046693 0.000000 0.998909 0.400000 0.400000 0.400000
3453.662109 0.000000 2963.053223 0.000000 0.699132 0.000000 0.714992 0.400000 0.400000 0.400000
3455.890381 0.000000 2965.814209 0.000000 0.613255 0.000000 -0.789885 0.400000 0.400000 0.400000
3551.104248 0.000000 2968.392334 0.000000 0.801019 0.000000 -0.598639 0.400000 0.400000 0.400000
3532.335449 0.000000 2942.927002 0.000000 0.996520 0.000000 0.083356 0.400000 0.400000 0.400000
3572.823486 0.000000 2948.066895 0.000000 0.861928 0.000000 -0.507032 0.400000 0.400000 0.400000
3574.586182 0.000000 2978.663330 0.000000 0.962578 0.000000 -0.271006 0.400000 0.400000 0.400000
3541.881104 0.000000 2966.842773 0.000000 0.563372 0.000000 0.826203 0.400000 0.400000 0.400000
3536.539551 0.000000 2972.897705 0.000000 0.426097 0.000000 0.904677 0.400000 0.400000 0.400000
3555.357666 0.000000 2962.698242 0.000000 0.790433 0.000000 -0.612548 0.400000 0.400000 0.400000
3585.990967 0.000000 2991.010986 0.000000 0.543392 0.000000 0.839479 0.400000 0.400000 0.400000
3579.316406 0.000000 2975.330811 0.000000 0.669898 0.000000 0.742453 0.400000 0.400000 0.400000
3537.619141 0.000000 2968.268311 0.000000 0.992836 0.000000 -0.119483 0.400000 0.400000 0.400000
3537.634521 0.000000 2976.977783 0.000000 0.980500 0.000000 0.196521 0.400000 0.400000 0.400000
3546.073242 0.000000 2966.111572 0.000000 0.795811 0.000000 0.605546 0.400000 0.400000 0.400000
3550.626465 0.000000 2964.439453 0.000000 0.509666 0.000000 -0.860372 0.400000 0.400000 0.400000
3569.605469 0.000000 2946.119141 0.000000 0.979185 0.000000 0.202970 0.400000 0.400000 0.400000
3529.619385 0.000000 2941.829346 0.000000 0.102167 0.000000 0.994767 0.400000 0.400000 0.400000
3604.840332 0.000000 2950.679688 0.000000 0.680156 0.000000 0.733068 0.400000 0.400000 0.400000
3606.612305 0.000000 2947.632568 0.000000 0.986969 0.000000 0.160909 0.400000 0.400000 0.400000
3607.948730 0.000000 2950.312744 0.000000 0.857523 0.000000 0.514446 0.400000 0.400000 0.400000
"}
