object={
	name="tree_jungle_01_c_generator_1_0"
	clamp_to_water_level=no
	render_under_water=no
	generated_content=yes
	layer="tree_high_layer"
	pdxmesh="tree_jungle_01_c_mesh"
	count=642
	transform="1845.770264 0.000000 254.019348 0.000000 0.785994 0.000000 0.618234 0.873044 0.873044 0.873044
1849.300903 0.000000 254.287598 0.000000 0.987114 0.000000 0.160020 0.886278 0.886278 0.886278
1851.578979 0.000000 255.118530 0.000000 0.956448 0.000000 -0.291901 0.921964 0.921964 0.921964
1786.199707 0.000000 269.462982 0.000000 0.662438 0.000000 -0.749117 0.905707 0.905707 0.905707
1787.453369 0.000000 262.315033 0.000000 0.331045 0.000000 -0.943615 0.924942 0.924942 0.924942
1789.803345 0.000000 266.205292 0.000000 0.587752 0.000000 0.809041 0.880940 0.880940 0.880940
1790.974976 0.000000 262.840454 0.000000 0.747095 0.000000 -0.664718 0.927774 0.927774 0.927774
1680.237793 0.000000 429.264313 0.000000 0.904737 0.000000 0.425971 0.891102 0.891102 0.891102
1690.766479 0.000000 425.711731 0.000000 0.812101 0.000000 0.583518 0.893000 0.893000 0.893000
1694.495605 0.000000 432.573395 0.000000 0.997118 0.000000 0.075864 0.897441 0.897441 0.897441
1793.283325 0.000000 271.793945 0.000000 0.401804 0.000000 0.915726 0.879197 0.879197 0.879197
1820.148193 0.000000 263.602234 0.000000 0.257023 0.000000 -0.966405 0.920617 0.920617 0.920617
1846.834351 0.000000 256.689728 0.000000 0.044593 0.000000 -0.999005 1.023450 1.023450 1.023450
1808.847656 0.000000 273.355072 0.000000 0.576598 0.000000 -0.817028 0.917189 0.917189 0.917189
1834.766357 0.000000 263.884155 0.000000 0.189218 0.000000 -0.981935 0.983745 0.983745 0.983745
1801.456421 0.000000 266.182953 0.000000 0.965261 0.000000 0.261287 0.885745 0.885745 0.885745
1811.420044 0.000000 264.961121 0.000000 0.995407 0.000000 -0.095735 0.904309 0.904309 0.904309
1841.539917 0.000000 269.419250 0.000000 0.673519 0.000000 0.739170 0.866357 0.866357 0.866357
1833.322754 0.000000 272.349640 0.000000 0.641462 0.000000 0.767155 0.892141 0.892141 0.892141
1827.303833 0.000000 267.082397 0.000000 0.995396 0.000000 0.095848 0.897627 0.897627 0.897627
1839.331177 0.000000 257.365631 0.000000 0.975056 0.000000 -0.221959 0.922128 0.922128 0.922128
1851.445557 0.000000 262.315033 0.000000 0.923891 0.000000 0.382656 0.887648 0.887648 0.887648
1844.665405 0.000000 263.240723 0.000000 0.101828 0.000000 0.994802 0.807594 0.807594 0.807594
1794.098633 0.000000 265.399353 0.000000 0.936598 0.000000 0.350405 0.882303 0.882303 0.882303
1798.569580 0.000000 260.624969 0.000000 0.434471 0.000000 0.900686 0.814336 0.814336 0.814336
1833.216064 0.000000 258.008728 0.000000 0.880421 0.000000 0.474192 0.860038 0.860038 0.860038
1853.428589 0.000000 256.744019 0.000000 0.766039 0.000000 0.642794 0.859215 0.859215 0.859215
1803.639038 0.000000 271.366089 0.000000 0.582065 0.000000 0.813143 0.867998 0.867998 0.867998
1829.208252 0.000000 261.681610 0.000000 0.970260 0.000000 -0.242065 0.914283 0.914283 0.914283
1815.262695 0.000000 261.240479 0.000000 0.937416 0.000000 0.348212 0.887214 0.887214 0.887214
1806.520630 0.000000 267.102570 0.000000 0.393127 0.000000 0.919484 0.842325 0.842325 0.842325
1798.605713 0.000000 270.841034 0.000000 0.876906 0.000000 0.480662 0.884227 0.884227 0.884227
1839.634277 0.000000 264.811737 0.000000 0.856333 0.000000 -0.516425 0.931702 0.931702 0.931702
1836.414795 0.000000 268.596039 0.000000 0.994894 0.000000 -0.100928 0.903635 0.903635 0.903635
1803.884521 0.000000 261.543823 0.000000 0.008690 0.000000 -0.999962 1.033376 1.033376 1.033376
1845.893799 0.000000 271.718536 0.000000 0.359208 0.000000 -0.933258 0.921631 0.921631 0.921631
1824.476318 0.000000 261.982666 0.000000 0.999991 0.000000 0.004303 0.899816 0.899816 0.899816
1832.015991 0.000000 267.972504 0.000000 0.353001 0.000000 -0.935623 0.946219 0.946219 0.946219
1846.477173 0.000000 267.201355 0.000000 0.282026 0.000000 0.959407 0.862469 0.862469 0.862469
1810.155884 0.000000 269.245667 0.000000 0.945306 0.000000 -0.326184 0.910452 0.910452 0.910452
1843.000610 0.000000 259.386749 0.000000 0.959386 0.000000 -0.282097 0.924417 0.924417 0.924417
1837.304810 0.000000 260.863525 0.000000 0.163879 0.000000 -0.986480 1.004264 1.004264 1.004264
1847.686157 0.000000 260.491821 0.000000 0.683278 0.000000 -0.730158 0.951498 0.951498 0.951498
1797.769165 0.000000 267.109741 0.000000 0.117432 0.000000 0.993081 0.834701 0.834701 0.834701
1807.823120 0.000000 263.493439 0.000000 0.362062 0.000000 0.932154 0.819090 0.819090 0.819090
1795.062012 0.000000 261.808929 0.000000 0.394013 0.000000 -0.919105 0.970725 0.970725 0.970725
1850.158569 0.000000 257.905853 0.000000 0.879784 0.000000 0.475373 0.867721 0.867721 0.867721
1830.655273 0.000000 264.797791 0.000000 0.999561 0.000000 -0.029612 0.901264 0.901264 0.901264
1842.789917 0.000000 266.109436 0.000000 0.910009 0.000000 -0.414588 0.922092 0.922092 0.922092
1791.805786 0.000000 262.621368 0.000000 0.850303 0.000000 -0.526294 0.921170 0.921170 0.921170
1836.097046 0.000000 256.090424 0.000000 0.920884 0.000000 0.389838 0.881105 0.881105 0.881105
1797.668945 0.000000 263.832886 0.000000 0.401390 0.000000 -0.915907 0.972838 0.972838 0.972838
1832.449829 0.000000 261.226868 0.000000 0.014226 0.000000 0.999899 0.795077 0.795077 0.795077
1829.955200 0.000000 258.451447 0.000000 0.015113 0.000000 0.999886 0.788145 0.788145 0.788145
1840.838013 0.000000 261.689423 0.000000 0.965524 0.000000 -0.260313 0.920118 0.920118 0.920118
1826.761719 0.000000 259.643219 0.000000 0.233262 0.000000 0.972414 0.812988 0.812988 0.812988
1801.001953 0.000000 262.837372 0.000000 0.737814 0.000000 0.675004 0.846724 0.846724 0.846724
1826.979370 0.000000 263.823822 0.000000 0.998200 0.000000 0.059976 0.897573 0.897573 0.897573
1804.266968 0.000000 264.805023 0.000000 0.855716 0.000000 0.517445 0.865784 0.865784 0.865784
1843.721924 0.000000 256.374207 0.000000 0.648355 0.000000 -0.761338 0.979720 0.979720 0.979720
1853.660278 0.000000 260.094574 0.000000 0.208792 0.000000 -0.977960 0.955022 0.955022 0.955022
1803.660278 0.000000 268.221985 0.000000 0.439623 0.000000 0.898182 0.849867 0.849867 0.849867
1810.521729 0.000000 261.980469 0.000000 0.932903 0.000000 -0.360129 0.919866 0.919866 0.919866
1839.251343 0.000000 267.712341 0.000000 0.384820 0.000000 0.922992 0.839237 0.839237 0.839237
1836.916870 0.000000 265.799072 0.000000 0.920612 0.000000 0.390479 0.877466 0.877466 0.877466
1835.723755 0.000000 258.647797 0.000000 0.075192 0.000000 -0.997169 1.024331 1.024331 1.024331
1845.503296 0.000000 258.980408 0.000000 0.784614 0.000000 -0.619984 0.954092 0.954092 0.954092
1806.329102 0.000000 261.199036 0.000000 0.750783 0.000000 -0.660549 0.951880 0.951880 0.951880
1837.385742 0.000000 263.358154 0.000000 0.900066 0.000000 -0.435754 0.929379 0.929379 0.929379
1839.483521 0.000000 259.842590 0.000000 0.878610 0.000000 0.477540 0.856374 0.856374 0.856374
1841.469360 0.000000 256.596863 0.000000 0.534732 0.000000 -0.845022 0.997255 0.997255 0.997255
1904.051514 0.000000 277.880829 0.000000 0.316839 0.000000 0.948479 0.770969 0.770969 0.770969
1884.140381 0.000000 263.602234 0.000000 0.026964 0.000000 0.999636 0.882656 0.882656 0.882656
1907.470215 0.000000 292.771881 0.000000 0.773980 0.000000 0.633210 0.898459 0.898459 0.898459
1898.758545 0.000000 263.884155 0.000000 0.989289 0.000000 -0.145972 0.902633 0.902633 0.902633
1914.184082 0.000000 269.462982 0.000000 0.810188 0.000000 0.586170 0.815563 0.815563 0.815563
1915.042847 0.000000 282.530518 0.000000 0.953090 0.000000 -0.302686 0.942838 0.942838 0.942838
1856.145874 0.000000 259.230621 0.000000 0.841711 0.000000 -0.539928 0.924349 0.924349 0.924349
1875.412231 0.000000 264.961121 0.000000 0.981268 0.000000 -0.192646 0.902613 0.902613 0.902613
1905.532104 0.000000 269.419250 0.000000 0.343469 0.000000 0.939164 0.790335 0.790335 0.790335
1897.314941 0.000000 272.349640 0.000000 0.596090 0.000000 -0.802918 0.916756 0.916756 0.916756
1917.043335 0.000000 292.089386 0.000000 0.281532 0.000000 -0.959552 0.946211 0.946211 0.946211
1911.145142 0.000000 276.463776 0.000000 0.986994 0.000000 0.160757 0.870978 0.870978 0.870978
1915.437744 0.000000 262.315033 0.000000 0.471687 0.000000 -0.881766 0.967920 0.967920 0.967920
1908.657593 0.000000 263.240723 0.000000 0.940158 0.000000 -0.340739 0.921875 0.921875 0.921875
1909.292847 0.000000 286.160431 0.000000 0.797642 0.000000 -0.603131 0.936367 0.936367 0.936367
1858.090820 0.000000 265.399353 0.000000 0.957778 0.000000 0.287510 0.896068 0.896068 0.896068
1917.203125 0.000000 276.761108 0.000000 0.648188 0.000000 -0.761480 1.045867 1.045867 1.045867
1862.561768 0.000000 260.624969 0.000000 0.996366 0.000000 -0.085174 0.902491 0.902491 0.902491
1912.467407 0.000000 295.533752 0.000000 0.504647 0.000000 0.863326 0.883614 0.883614 0.883614
1879.254883 0.000000 261.240479 0.000000 0.911030 0.000000 0.412340 0.884720 0.884720 0.884720
1908.224976 0.000000 281.040009 0.000000 0.581758 0.000000 0.813362 0.778342 0.778342 0.778342
1898.980713 0.000000 277.717194 0.000000 0.171512 0.000000 -0.985182 0.950274 0.950274 0.950274
1914.076904 0.000000 287.926575 0.000000 0.727507 0.000000 0.686100 0.832044 0.832044 0.832044
1903.626465 0.000000 264.811737 0.000000 0.526213 0.000000 -0.850353 0.947971 0.947971 0.947971
1902.346313 0.000000 273.268311 0.000000 0.999997 0.000000 0.002252 0.899808 0.899808 0.899808
1900.406982 0.000000 268.596039 0.000000 0.982623 0.000000 0.185615 0.890352 0.890352 0.890352
1867.876709 0.000000 261.543823 0.000000 0.053257 0.000000 -0.998581 0.940916 0.940916 0.940916
1909.885986 0.000000 271.718536 0.000000 0.641756 0.000000 0.766909 0.778244 0.778244 0.778244
1917.787720 0.000000 266.205292 0.000000 0.356972 0.000000 0.934115 0.786212 0.786212 0.786212
1901.194214 0.000000 281.807678 0.000000 0.230908 0.000000 -0.972976 0.948094 0.948094 0.948094
1917.554565 0.000000 272.403534 0.000000 0.018164 0.000000 0.999835 0.659287 0.659287 0.659287
1910.469360 0.000000 267.201355 0.000000 0.916588 0.000000 0.399834 0.852864 0.852864 0.852864
1917.789063 0.000000 285.838928 0.000000 0.998789 0.000000 -0.049192 0.905971 0.905971 0.905971
1906.827515 0.000000 274.667084 0.000000 0.690022 0.000000 -0.723788 1.010920 1.010920 1.010920
1859.942261 0.000000 257.191132 0.000000 0.430926 0.000000 0.902387 0.834262 0.834262 0.834262
1911.550903 0.000000 291.228882 0.000000 0.935446 0.000000 0.353469 0.889447 0.889447 0.889447
1905.472778 0.000000 284.321136 0.000000 0.076829 0.000000 -0.997044 0.957062 0.957062 0.957062
1913.876221 0.000000 273.729126 0.000000 0.216805 0.000000 0.976215 0.663007 0.663007 0.663007
1914.130981 0.000000 278.878204 0.000000 0.694485 0.000000 0.719508 0.762861 0.762861 0.762861
1859.054199 0.000000 261.808929 0.000000 0.940463 0.000000 0.339897 0.887532 0.887532 0.887532
1911.391235 0.000000 283.096191 0.000000 0.919531 0.000000 0.393018 0.850993 0.850993 0.850993
1918.432495 0.000000 280.253265 0.000000 0.797588 0.000000 -0.603203 0.993113 0.993113 0.993113
1918.959351 0.000000 262.840454 0.000000 0.930310 0.000000 -0.366775 0.918564 0.918564 0.918564
1912.280518 0.000000 264.130829 0.000000 0.687391 0.000000 0.726288 0.825113 0.825113 0.825113
1906.782104 0.000000 266.109436 0.000000 0.166765 0.000000 0.985997 0.767576 0.767576 0.767576
1856.305176 0.000000 256.087341 0.000000 0.998538 0.000000 0.054046 0.897084 0.897084 0.897084
1907.986450 0.000000 277.666687 0.000000 0.368650 0.000000 -0.929568 1.060865 1.060865 1.060865
1904.313721 0.000000 281.093964 0.000000 0.847790 0.000000 0.530331 0.856040 0.856040 0.856040
1899.482666 0.000000 274.614410 0.000000 0.662471 0.000000 0.749087 0.865757 0.865757 0.865757
1917.360474 0.000000 289.019714 0.000000 0.996550 0.000000 0.082993 0.894773 0.894773 0.894773
1918.630127 0.000000 269.328247 0.000000 0.991517 0.000000 0.129980 0.886820 0.886820 0.886820
1911.003906 0.000000 279.718781 0.000000 0.835670 0.000000 0.549232 0.804629 0.804629 0.804629
1914.753540 0.000000 266.490662 0.000000 0.355321 0.000000 0.934744 0.767053 0.767053 0.767053
1913.496460 0.000000 285.110931 0.000000 0.430195 0.000000 0.902736 0.776020 0.776020 0.776020
1908.378174 0.000000 269.216949 0.000000 0.992927 0.000000 0.118725 0.885561 0.885561 0.885561
1903.243530 0.000000 267.712341 0.000000 0.959581 0.000000 -0.281432 0.917307 0.917307 0.917307
1905.379639 0.000000 272.235016 0.000000 0.229384 0.000000 -0.973336 1.044450 1.044450 1.044450
1901.619507 0.000000 276.496124 0.000000 0.720485 0.000000 0.693470 0.855234 0.855234 0.855234
1900.012695 0.000000 271.472656 0.000000 0.795294 0.000000 -0.606224 0.938049 0.938049 0.938049
1919.752808 0.000000 277.806824 0.000000 0.572139 0.000000 -0.820157 1.046935 1.046935 1.046935
1902.862549 0.000000 270.572235 0.000000 0.742301 0.000000 0.670066 0.840604 0.840604 0.840604
1904.161133 0.000000 275.255157 0.000000 0.958396 0.000000 0.285443 0.868780 0.868780 0.868780
1907.973999 0.000000 283.634857 0.000000 0.494255 0.000000 -0.869317 0.987609 0.987609 0.987609
1918.264893 0.000000 282.993805 0.000000 0.663664 0.000000 0.748031 0.795564 0.795564 0.795564
1914.637085 0.000000 276.281799 0.000000 0.808938 0.000000 -0.587894 1.014377 1.014377 1.014377
1911.597900 0.000000 269.629303 0.000000 0.587119 0.000000 0.809501 0.770711 0.770711 0.770711
1909.447266 0.000000 274.346802 0.000000 0.430559 0.000000 -0.902562 1.087168 1.087168 1.087168
1906.235718 0.000000 279.487274 0.000000 0.026473 0.000000 0.999650 0.712624 0.712624 0.712624
1912.985840 0.000000 281.202301 0.000000 0.590569 0.000000 -0.806987 1.045583 1.045583 1.045583
1918.654419 0.000000 274.530151 0.000000 0.758581 0.000000 -0.651578 1.003645 1.003645 1.003645
1916.387207 0.000000 268.381531 0.000000 0.377340 0.000000 0.926075 0.761678 0.761678 0.761678
1915.162964 0.000000 271.676147 0.000000 0.786226 0.000000 0.617939 0.796728 0.796728 0.796728
1916.300537 0.000000 274.579224 0.000000 0.827495 0.000000 0.561473 0.800876 0.800876 0.800876
1912.482056 0.000000 271.842316 0.000000 0.132449 0.000000 0.991190 0.664142 0.664142 0.664142
1916.144531 0.000000 264.527496 0.000000 0.212291 0.000000 -0.977207 1.003658 1.003658 1.003658
1916.427490 0.000000 279.156555 0.000000 0.911757 0.000000 -0.410730 0.971326 0.971326 0.971326
1907.676025 0.000000 272.466278 0.000000 0.995843 0.000000 -0.091084 0.911682 0.911682 0.911682
1912.677246 0.000000 267.577911 0.000000 0.999988 0.000000 0.004849 0.899444 0.899444 0.899444
1910.106567 0.000000 264.959625 0.000000 0.828912 0.000000 -0.559379 0.954687 0.954687 0.954687
1915.859253 0.000000 284.647186 0.000000 0.992614 0.000000 -0.121314 0.914209 0.914209 0.914209
1906.249146 0.000000 282.119476 0.000000 0.586970 0.000000 -0.809609 0.978437 0.978437 0.978437
1911.752197 0.000000 274.353485 0.000000 0.822293 0.000000 -0.569065 1.008816 1.008816 1.008816
1905.961548 0.000000 276.767151 0.000000 0.786704 0.000000 -0.617331 0.968768 0.968768 0.968768
1916.095581 0.000000 287.251801 0.000000 0.238684 0.000000 -0.971097 1.016528 1.016528 1.016528
1919.603027 0.000000 271.297943 0.000000 0.860523 0.000000 -0.509411 0.964852 0.964852 0.964852
1916.793823 0.000000 270.467163 0.000000 0.999571 0.000000 -0.029280 0.904079 0.904079 0.904079
1916.672852 0.000000 281.353790 0.000000 0.623324 0.000000 -0.781963 1.043227 1.043227 1.043227
1912.274902 0.000000 278.126282 0.000000 0.450905 0.000000 -0.892572 1.088355 1.088355 1.088355
1910.131958 0.000000 281.471954 0.000000 0.121880 0.000000 0.992545 0.691688 0.691688 0.691688
1908.589111 0.000000 266.865204 0.000000 0.636445 0.000000 -0.771322 0.993028 0.993028 0.993028
1909.888184 0.000000 277.984406 0.000000 0.647899 0.000000 0.761726 0.757960 0.757960 0.757960
1909.208618 0.000000 276.223969 0.000000 0.002177 0.000000 0.999998 0.642710 0.642710 0.642710
1906.883057 0.000000 270.727783 0.000000 0.670612 0.000000 0.741809 0.798595 0.798595 0.798595
1906.941040 0.000000 268.049500 0.000000 0.635088 0.000000 0.772439 0.804803 0.804803 0.804803
1913.318481 0.000000 283.222687 0.000000 0.747912 0.000000 -0.663798 0.996228 0.996228 0.996228
1915.056030 0.000000 280.547638 0.000000 0.333185 0.000000 -0.942861 1.096399 1.096399 1.096399
1912.925049 0.000000 275.859558 0.000000 0.531719 0.000000 -0.846921 1.088388 1.088388 1.088388
1918.030273 0.000000 278.413818 0.000000 0.666060 0.000000 0.745898 0.771370 0.771370 0.771370
1908.748535 0.000000 279.274811 0.000000 0.919163 0.000000 0.393878 0.839963 0.839963 0.839963
1918.813599 0.000000 276.273468 0.000000 0.841345 0.000000 -0.540498 0.987247 0.987247 0.987247
1911.115234 0.000000 272.807556 0.000000 0.866865 0.000000 0.498542 0.809703 0.809703 0.809703
1915.505371 0.000000 277.691345 0.000000 0.999498 0.000000 -0.031674 0.905766 0.905766 0.905766
1912.683472 0.000000 279.654816 0.000000 0.865162 0.000000 0.501493 0.810294 0.810294 0.810294
1916.057617 0.000000 272.962494 0.000000 0.301242 0.000000 0.953548 0.703911 0.703911 0.703911
1913.749756 0.000000 270.966339 0.000000 0.360739 0.000000 -0.932667 1.097113 1.097113 1.097113
1913.616211 0.000000 277.397522 0.000000 0.622847 0.000000 0.782344 0.734470 0.734470 0.734470
1921.267700 0.000000 271.793945 0.000000 0.239130 0.000000 -0.970987 1.043369 1.043369 1.043369
1948.132568 0.000000 263.602234 0.000000 0.566436 0.000000 -0.824106 0.958762 0.958762 0.958762
1974.818726 0.000000 256.689728 0.000000 0.987016 0.000000 -0.160622 0.901812 0.901812 0.901812
1936.832031 0.000000 273.355072 0.000000 0.869204 0.000000 -0.494454 0.926728 0.926728 0.926728
1927.932495 0.000000 285.261902 0.000000 0.851448 0.000000 0.524440 0.881394 0.881394 0.881394
1962.750732 0.000000 263.884155 0.000000 0.455569 0.000000 0.890201 0.880267 0.880267 0.880267
1929.440796 0.000000 266.182953 0.000000 0.834823 0.000000 0.550518 0.852843 0.852843 0.852843
1919.996094 0.000000 280.816071 0.000000 0.914006 0.000000 0.405701 0.839928 0.839928 0.839928
1920.479492 0.000000 290.103149 0.000000 0.114312 0.000000 0.993445 0.837832 0.837832 0.837832
1939.404419 0.000000 264.961121 0.000000 0.591105 0.000000 0.806595 0.807230 0.807230 0.807230
1928.567017 0.000000 276.265594 0.000000 0.163540 0.000000 -0.986537 0.966366 0.966366 0.966366
1955.288208 0.000000 267.082397 0.000000 0.156415 0.000000 -0.987691 0.919059 0.919059 0.919059
1948.538086 0.000000 271.248291 0.000000 0.369853 0.000000 -0.929090 0.913391 0.913391 0.913391
1967.315552 0.000000 257.365631 0.000000 0.580195 0.000000 -0.814477 0.927802 0.927802 0.927802
1922.083008 0.000000 265.399353 0.000000 0.959912 0.000000 0.280300 0.882126 0.882126 0.882126
1942.493164 0.000000 270.257202 0.000000 0.688755 0.000000 -0.724995 0.930979 0.930979 0.930979
1961.200439 0.000000 258.008728 0.000000 0.575405 0.000000 0.817868 0.880633 0.880633 0.880633
1925.018311 0.000000 293.969666 0.000000 0.999896 0.000000 -0.014394 0.900259 0.900259 0.900259
1931.623413 0.000000 271.366089 0.000000 0.702966 0.000000 0.711223 0.841332 0.841332 0.841332
1957.192627 0.000000 261.681610 0.000000 0.628244 0.000000 0.778017 0.875963 0.875963 0.875963
1943.247070 0.000000 261.240479 0.000000 0.989582 0.000000 -0.143971 0.917529 0.917529 0.917529
1925.126587 0.000000 280.263977 0.000000 0.679107 0.000000 0.734039 0.851848 0.851848 0.851848
1934.505005 0.000000 267.102570 0.000000 0.324405 0.000000 0.945918 0.785730 0.785730 0.785730
1926.590088 0.000000 270.841034 0.000000 0.173010 0.000000 0.984920 0.790145 0.790145 0.790145
1922.527954 0.000000 285.479675 0.000000 0.650996 0.000000 -0.759081 0.954225 0.954225 0.954225
1939.641357 0.000000 277.416321 0.000000 0.892142 0.000000 -0.451755 0.909479 0.909479 0.909479
1927.932129 0.000000 290.120850 0.000000 0.892921 0.000000 0.450213 0.891605 0.891605 0.891605
1933.363647 0.000000 276.720978 0.000000 0.933986 0.000000 0.357310 0.887685 0.887685 0.887685
1922.110474 0.000000 276.515900 0.000000 0.681529 0.000000 -0.731791 0.981161 0.981161 0.981161
1952.460693 0.000000 261.982666 0.000000 0.739133 0.000000 0.673559 0.865130 0.865130 0.865130
1919.799561 0.000000 294.738678 0.000000 0.593020 0.000000 -0.805188 0.921031 0.921031 0.921031
1944.054810 0.000000 265.861115 0.000000 0.193529 0.000000 0.981094 0.807246 0.807246 0.807246
1950.842773 0.000000 267.349854 0.000000 0.472080 0.000000 -0.881555 0.931521 0.931521 0.931521
1938.140259 0.000000 269.245667 0.000000 0.984929 0.000000 0.172957 0.887501 0.887501 0.887501
1965.289185 0.000000 260.863525 0.000000 0.252746 0.000000 0.967533 0.864536 0.864536 0.864536
1925.753540 0.000000 267.109741 0.000000 0.558411 0.000000 0.829565 0.829658 0.829658 0.829658
1924.182251 0.000000 288.954559 0.000000 0.734126 0.000000 -0.679014 0.926834 0.926834 0.926834
1935.807495 0.000000 263.493439 0.000000 0.877197 0.000000 -0.480130 0.951762 0.951762 0.951762
1940.545776 0.000000 273.781006 0.000000 0.210743 0.000000 0.977542 0.857267 0.857267 0.857267
1925.253906 0.000000 274.259888 0.000000 0.932085 0.000000 0.362240 0.869184 0.869184 0.869184
1919.886353 0.000000 268.425110 0.000000 0.973667 0.000000 0.227973 0.876745 0.876745 0.876745
1947.094238 0.000000 267.830139 0.000000 0.983889 0.000000 0.178780 0.891923 0.891923 0.891923
1919.790161 0.000000 262.621368 0.000000 0.774736 0.000000 -0.632285 0.933836 0.933836 0.933836
1925.653320 0.000000 263.832886 0.000000 0.925842 0.000000 0.377910 0.876490 0.876490 0.876490
1946.791626 0.000000 260.484650 0.000000 0.559603 0.000000 -0.828761 0.994383 0.994383 0.994383
1934.921387 0.000000 270.566864 0.000000 0.999799 0.000000 -0.020024 0.901395 0.901395 0.901395
1923.110840 0.000000 269.000305 0.000000 0.115379 0.000000 0.993321 0.785564 0.785564 0.785564
1954.746094 0.000000 259.643219 0.000000 0.505054 0.000000 -0.863088 0.949136 0.949136 0.949136
1928.986328 0.000000 262.837372 0.000000 0.498952 0.000000 0.866629 0.831686 0.831686 0.831686
1928.912842 0.000000 273.135590 0.000000 0.996564 0.000000 0.082826 0.894224 0.894224 0.894224
1922.730103 0.000000 282.355530 0.000000 0.711544 0.000000 -0.702641 0.956018 0.956018 0.956018
1919.840332 0.000000 287.012909 0.000000 0.808587 0.000000 0.588377 0.850531 0.850531 0.850531
1932.251343 0.000000 264.805023 0.000000 0.790167 0.000000 -0.612891 0.956328 0.956328 0.956328
1919.837036 0.000000 274.514862 0.000000 0.902021 0.000000 0.431691 0.834809 0.834809 0.834809
1925.211792 0.000000 284.042419 0.000000 0.089901 0.000000 0.995951 0.830130 0.830130 0.830130
1925.821045 0.000000 277.377930 0.000000 0.546497 0.000000 -0.837461 0.978061 0.978061 0.978061
1931.644653 0.000000 268.221985 0.000000 0.412125 0.000000 0.911127 0.804726 0.804726 0.804726
1933.683716 0.000000 273.522247 0.000000 0.982376 0.000000 0.186918 0.888593 0.888593 0.888593
1919.815430 0.000000 283.921204 0.000000 0.517296 0.000000 -0.855806 1.026929 1.026929 1.026929
1941.143066 0.000000 267.563141 0.000000 0.864128 0.000000 -0.503271 0.940289 0.940289 0.940289
1938.506104 0.000000 261.980469 0.000000 0.778584 0.000000 -0.627541 0.983835 0.983835 0.983835
1928.906616 0.000000 269.029449 0.000000 0.995387 0.000000 -0.095941 0.907772 0.907772 0.907772
1949.909912 0.000000 260.591492 0.000000 0.473330 0.000000 0.880885 0.812824 0.812824 0.812824
1945.361084 0.000000 263.251556 0.000000 0.898822 0.000000 -0.438314 0.938740 0.938740 0.938740
1942.093872 0.000000 263.861237 0.000000 0.578759 0.000000 -0.815499 0.998560 0.998560 0.998560
1923.998901 0.000000 271.831451 0.000000 0.529748 0.000000 -0.848155 0.990998 0.990998 0.990998
1922.374634 0.000000 279.238281 0.000000 0.476556 0.000000 0.879144 0.798641 0.798641 0.798641
1937.097290 0.000000 266.226990 0.000000 0.052824 0.000000 -0.998604 1.033016 1.033016 1.033016
1934.313477 0.000000 261.199036 0.000000 0.872223 0.000000 0.489109 0.841436 0.841436 0.841436
1922.538208 0.000000 274.075134 0.000000 0.963329 0.000000 -0.268324 0.926857 0.926857 0.926857
1940.971191 0.000000 261.804871 0.000000 0.692635 0.000000 0.721288 0.800437 0.800437 0.800437
1920.551270 0.000000 277.956268 0.000000 0.948927 0.000000 -0.315496 0.940387 0.940387 0.940387
1923.797241 0.000000 277.751801 0.000000 0.884575 0.000000 -0.466397 0.947970 0.947970 0.947970
1934.530518 0.000000 265.006775 0.000000 0.789306 0.000000 -0.614000 0.962389 0.962389 0.962389
1923.839478 0.000000 275.581573 0.000000 0.480155 0.000000 -0.877184 1.005780 1.005780 1.005780
1936.663086 0.000000 261.530945 0.000000 0.594382 0.000000 0.804183 0.788739 0.788739 0.788739
1938.225830 0.000000 260.049011 0.000000 0.325083 0.000000 0.945685 0.746799 0.746799 0.746799
1939.875366 0.000000 263.216034 0.000000 0.687362 0.000000 -0.726315 0.993157 0.993157 0.993157
1941.822144 0.000000 260.284515 0.000000 0.110776 0.000000 0.993845 0.719600 0.719600 0.719600
1886.472168 0.000000 432.573395 0.000000 0.993154 0.000000 0.116813 0.896317 0.896317 0.896317
1906.949097 0.000000 438.471741 0.000000 0.805387 0.000000 -0.592749 0.907128 0.907128 0.907128
1900.720093 0.000000 442.127991 0.000000 0.998941 0.000000 -0.046017 0.901034 0.901034 0.901034
1898.382080 0.000000 431.741058 0.000000 0.377977 0.000000 -0.925815 0.939877 0.939877 0.939877
1914.957642 0.000000 439.467468 0.000000 0.931683 0.000000 -0.363273 0.911695 0.911695 0.911695
1889.518311 0.000000 430.859283 0.000000 0.113691 0.000000 -0.993516 0.975288 0.975288 0.975288
1889.323608 0.000000 433.486572 0.000000 0.982352 0.000000 0.187039 0.887318 0.887318 0.887318
1843.478027 0.000000 484.725006 0.000000 0.972074 0.000000 0.234676 0.892548 0.892548 0.892548
1837.670410 0.000000 491.191223 0.000000 0.943810 0.000000 0.330490 0.892432 0.892432 0.892432
1845.300659 0.000000 478.113556 0.000000 0.534896 0.000000 0.844918 0.890955 0.890955 0.890955
1853.210938 0.000000 468.714233 0.000000 0.689619 0.000000 -0.724172 0.910918 0.910918 0.910918
1841.682373 0.000000 480.576538 0.000000 0.530607 0.000000 0.847618 0.879546 0.879546 0.879546
1841.209961 0.000000 492.396179 0.000000 0.334695 0.000000 0.942327 0.861324 0.861324 0.861324
5042.566406 0.000000 1142.299927 0.000000 0.363513 0.000000 -0.931589 0.937709 0.937709 0.937709
5053.557617 0.000000 1138.820557 0.000000 0.991423 0.000000 -0.130692 0.903534 0.903534 0.903534
5047.044922 0.000000 1145.484863 0.000000 0.539783 0.000000 0.841804 0.879765 0.879765 0.879765
5043.261230 0.000000 1129.440796 0.000000 0.848341 0.000000 -0.529450 0.931341 0.931341 0.931341
5043.899414 0.000000 1138.280029 0.000000 0.065317 0.000000 0.997865 0.818819 0.818819 0.818819
5040.666016 0.000000 1139.291016 0.000000 0.325833 0.000000 -0.945427 0.969592 0.969592 0.969592
5045.760254 0.000000 1142.509399 0.000000 0.754521 0.000000 0.656276 0.869439 0.869439 0.869439
5043.757813 0.000000 1145.550171 0.000000 0.984292 0.000000 0.176550 0.892423 0.892423 0.892423
5071.823730 0.000000 1133.092407 0.000000 0.042754 0.000000 0.999086 0.814167 0.814167 0.814167
5055.883789 0.000000 1138.850952 0.000000 0.776660 0.000000 0.629920 0.863252 0.863252 0.863252
5068.810547 0.000000 1144.182373 0.000000 0.346121 0.000000 -0.938190 0.932823 0.932823 0.932823
5073.463867 0.000000 1140.178589 0.000000 0.904686 0.000000 0.426078 0.892088 0.892088 0.892088
5071.755371 0.000000 1149.875854 0.000000 0.963576 0.000000 -0.267436 0.915208 0.915208 0.915208
5069.366211 0.000000 1137.393921 0.000000 0.658032 0.000000 0.752990 0.886590 0.886590 0.886590
5067.441406 0.000000 1133.388428 0.000000 0.311012 0.000000 0.950406 0.835167 0.835167 0.835167
5077.153320 0.000000 1142.080444 0.000000 0.103141 0.000000 -0.994667 0.982431 0.982431 0.982431
5066.983398 0.000000 1129.315186 0.000000 0.172876 0.000000 -0.984944 0.978475 0.978475 0.978475
5069.003906 0.000000 1147.754395 0.000000 0.986976 0.000000 -0.160867 0.907260 0.907260 0.907260
5062.965820 0.000000 1134.382813 0.000000 0.884265 0.000000 -0.466985 0.927293 0.927293 0.927293
5069.410645 0.000000 1131.115723 0.000000 0.996368 0.000000 -0.085150 0.904214 0.904214 0.904214
5069.670898 0.000000 1134.776001 0.000000 0.401467 0.000000 0.915873 0.834971 0.834971 0.834971
4942.981445 0.000000 1248.651978 0.000000 0.999228 0.000000 0.039299 0.899558 0.899558 0.899558
4950.125977 0.000000 1230.022827 0.000000 0.853951 0.000000 -0.520354 0.915985 0.915985 0.915985
4979.269043 0.000000 1257.409546 0.000000 0.960544 0.000000 0.278130 0.893034 0.893034 0.893034
4943.180664 0.000000 1252.601563 0.000000 0.550269 0.000000 -0.834987 0.955504 0.955504 0.955504
4990.057617 0.000000 1240.018921 0.000000 0.042309 0.000000 0.999105 0.855354 0.855354 0.855354
4981.032715 0.000000 1254.955811 0.000000 0.919508 0.000000 0.393072 0.867324 0.867324 0.867324
4951.917480 0.000000 1241.017212 0.000000 0.980633 0.000000 0.195854 0.889813 0.889813 0.889813
4948.775879 0.000000 1227.328735 0.000000 0.997709 0.000000 -0.067649 0.903803 0.903803 0.903803
5032.749512 0.000000 1195.242432 0.000000 0.883365 0.000000 0.468686 0.869311 0.869311 0.869311
5028.672852 0.000000 1193.998047 0.000000 0.648059 0.000000 0.761590 0.855259 0.855259 0.855259
5030.620605 0.000000 1200.416626 0.000000 0.298634 0.000000 0.954368 0.840192 0.840192 0.840192
5031.699219 0.000000 1197.831665 0.000000 0.659156 0.000000 0.752006 0.852192 0.852192 0.852192
5030.318848 0.000000 1195.902100 0.000000 0.984783 0.000000 0.173789 0.880376 0.880376 0.880376
5102.932617 0.000000 1153.146851 0.000000 0.360024 0.000000 -0.932943 0.981057 0.981057 0.981057
5108.267090 0.000000 1159.021973 0.000000 0.934447 0.000000 -0.356101 0.908999 0.908999 0.908999
5071.975586 0.000000 1155.473511 0.000000 0.998950 0.000000 0.045809 0.897941 0.897941 0.897941
5106.602051 0.000000 1155.167969 0.000000 0.568808 0.000000 0.822470 0.841412 0.841412 0.841412
5072.912598 0.000000 1151.724487 0.000000 0.289458 0.000000 0.957191 0.865565 0.865565 0.865565
5106.391602 0.000000 1161.890747 0.000000 0.702864 0.000000 0.711325 0.875106 0.875106 0.875106
5104.439453 0.000000 1157.470703 0.000000 0.999088 0.000000 0.042694 0.897601 0.897601 0.897601
5107.323242 0.000000 1152.155518 0.000000 0.002019 0.000000 -0.999998 0.970498 0.970498 0.970498
5105.070801 0.000000 1152.378174 0.000000 0.809785 0.000000 -0.586727 0.960580 0.960580 0.960580
5104.610352 0.000000 1154.324707 0.000000 0.466784 0.000000 -0.884372 1.012158 1.012158 1.012158
5039.668945 0.000000 1237.646484 0.000000 0.086999 0.000000 0.996208 0.829993 0.829993 0.829993
5028.595215 0.000000 1261.620728 0.000000 0.873736 0.000000 -0.486400 0.907989 0.907989 0.907989
4991.621094 0.000000 1240.581665 0.000000 0.994042 0.000000 -0.108998 0.903190 0.903190 0.903190
5026.913086 0.000000 1226.848022 0.000000 0.919734 0.000000 0.392541 0.888217 0.888217 0.888217
5031.237793 0.000000 1255.142212 0.000000 0.271290 0.000000 -0.962498 0.958242 0.958242 0.958242
5025.058105 0.000000 1256.571655 0.000000 0.422185 0.000000 -0.906510 0.951002 0.951002 0.951002
4994.152832 0.000000 1245.245239 0.000000 0.998117 0.000000 0.061335 0.898897 0.898897 0.898897
5031.625488 0.000000 1227.738159 0.000000 0.606022 0.000000 -0.795448 0.928932 0.928932 0.928932
5027.404297 0.000000 1252.843872 0.000000 0.910857 0.000000 0.412723 0.889485 0.889485 0.889485
5032.804199 0.000000 1250.136108 0.000000 0.882728 0.000000 -0.469885 0.952756 0.952756 0.952756
5028.672852 0.000000 1257.982422 0.000000 0.752278 0.000000 -0.658846 0.925858 0.925858 0.925858
5032.059082 0.000000 1220.992554 0.000000 0.192979 0.000000 0.981203 0.822673 0.822673 0.822673
5035.755371 0.000000 1248.775513 0.000000 0.996979 0.000000 -0.077671 0.904367 0.904367 0.904367
5028.979980 0.000000 1229.435425 0.000000 0.891416 0.000000 0.453185 0.873580 0.873580 0.873580
4991.440430 0.000000 1243.686890 0.000000 0.302095 0.000000 0.953278 0.829003 0.829003 0.829003
5033.808105 0.000000 1253.036987 0.000000 0.980247 0.000000 0.197776 0.884791 0.884791 0.884791
5037.236816 0.000000 1236.261719 0.000000 0.959212 0.000000 -0.282687 0.916099 0.916099 0.916099
5027.852539 0.000000 1255.449463 0.000000 0.744585 0.000000 -0.667527 0.941055 0.941055 0.941055
4917.395020 0.000000 1533.706787 0.000000 0.928634 0.000000 0.370998 0.864986 0.864986 0.864986
4914.259277 0.000000 1535.615723 0.000000 0.936885 0.000000 -0.349638 0.932905 0.932905 0.932905
4920.925781 0.000000 1533.975098 0.000000 0.339417 0.000000 0.940636 0.693651 0.693651 0.693651
4926.360840 0.000000 1534.295654 0.000000 0.992244 0.000000 -0.124304 0.911201 0.911201 0.911201
4919.395996 0.000000 1531.941772 0.000000 0.782603 0.000000 0.622521 0.857725 0.857725 0.857725
4923.204102 0.000000 1534.806030 0.000000 0.748519 0.000000 0.663113 0.816925 0.816925 0.816925
4926.077148 0.000000 1532.119873 0.000000 0.781338 0.000000 0.624108 0.834882 0.834882 0.834882
4921.803223 0.000000 1532.142090 0.000000 0.891530 0.000000 0.452962 0.820783 0.820783 0.820783
4919.164551 0.000000 1534.369629 0.000000 0.143330 0.000000 0.989675 0.582581 0.582581 0.582581
4924.710449 0.000000 1534.092529 0.000000 0.816149 0.000000 -0.577842 1.003820 1.003820 1.003820
4916.925781 0.000000 1535.271973 0.000000 0.209102 0.000000 -0.977894 1.202553 1.202553 1.202553
4927.500488 0.000000 1532.712280 0.000000 0.802399 0.000000 -0.596789 0.961785 0.961785 0.961785
4855.031738 0.000000 1562.783691 0.000000 0.898834 0.000000 0.438290 0.875534 0.875534 0.875534
4833.159180 0.000000 1582.578003 0.000000 0.705603 0.000000 -0.708607 0.931851 0.931851 0.931851
4847.935547 0.000000 1571.465210 0.000000 0.372958 0.000000 -0.927848 1.110982 1.110982 1.110982
4835.565918 0.000000 1584.599243 0.000000 0.717926 0.000000 0.696119 0.841178 0.841178 0.841178
4857.137207 0.000000 1564.798462 0.000000 0.489423 0.000000 0.872047 0.842873 0.842873 0.842873
4827.590820 0.000000 1579.626099 0.000000 0.710586 0.000000 0.703610 0.768478 0.768478 0.768478
4828.929688 0.000000 1577.547607 0.000000 0.938976 0.000000 -0.343982 0.937083 0.937083 0.937083
4845.002441 0.000000 1574.314575 0.000000 0.879697 0.000000 0.475535 0.832077 0.832077 0.832077
4846.722168 0.000000 1573.237183 0.000000 0.584163 0.000000 0.811637 0.712763 0.712763 0.712763
4849.038086 0.000000 1573.163574 0.000000 0.917915 0.000000 0.396776 0.834912 0.834912 0.834912
4846.122070 0.000000 1570.675415 0.000000 0.640530 0.000000 -0.767933 1.055424 1.055424 1.055424
4835.044922 0.000000 1582.760010 0.000000 0.881483 0.000000 0.472215 0.817123 0.817123 0.817123
4837.109863 0.000000 1583.320435 0.000000 0.999007 0.000000 -0.044545 0.907309 0.907309 0.907309
4834.283203 0.000000 1581.296021 0.000000 0.974737 0.000000 0.223354 0.862041 0.862041 0.862041
4834.008789 0.000000 1583.964844 0.000000 0.945175 0.000000 0.326564 0.843940 0.843940 0.843940
4894.720703 0.000000 1591.558838 0.000000 0.974057 0.000000 0.226302 0.897948 0.897948 0.897948
4909.543945 0.000000 1565.911377 0.000000 0.893303 0.000000 -0.449456 0.907332 0.907332 0.907332
4902.357910 0.000000 1588.013550 0.000000 0.700662 0.000000 -0.713493 0.907140 0.907140 0.907140
4925.053711 0.000000 1536.431519 0.000000 0.646100 0.000000 -0.763253 1.046329 1.046329 1.046329
4921.709473 0.000000 1567.614014 0.000000 0.844795 0.000000 0.535090 0.873359 0.873359 0.873359
4917.518555 0.000000 1551.406006 0.000000 0.831405 0.000000 0.555667 0.843077 0.843077 0.843077
4889.595703 0.000000 1563.464355 0.000000 0.993944 0.000000 0.109890 0.891588 0.891588 0.891588
4892.976074 0.000000 1559.258179 0.000000 0.752319 0.000000 -0.658799 0.933936 0.933936 0.933936
4890.974609 0.000000 1567.875244 0.000000 0.010185 0.000000 -0.999948 0.935065 0.935065 0.935065
4897.839355 0.000000 1587.619873 0.000000 0.329527 0.000000 -0.944146 0.927749 0.927749 0.927749
4889.659180 0.000000 1582.010376 0.000000 0.255906 0.000000 0.966702 0.767342 0.767342 0.767342
4908.827148 0.000000 1561.495239 0.000000 0.963080 0.000000 0.269214 0.894488 0.894488 0.894488
4894.132813 0.000000 1579.819092 0.000000 0.996834 0.000000 -0.079512 0.904829 0.904829 0.904829
4896.492676 0.000000 1567.884399 0.000000 0.086134 0.000000 0.996284 0.726547 0.726547 0.726547
4899.419922 0.000000 1572.765747 0.000000 0.637632 0.000000 0.770341 0.862459 0.862459 0.862459
4914.625488 0.000000 1539.074219 0.000000 0.167594 0.000000 0.985856 0.827526 0.827526 0.827526
4919.183594 0.000000 1570.916382 0.000000 0.876637 0.000000 -0.481153 0.925941 0.925941 0.925941
4913.105469 0.000000 1564.008667 0.000000 0.644967 0.000000 0.764211 0.872639 0.872639 0.872639
4919.311035 0.000000 1540.179321 0.000000 0.150037 0.000000 0.988680 0.673438 0.673438 0.673438
4893.501953 0.000000 1575.197510 0.000000 0.997129 0.000000 -0.075721 0.903917 0.903917 0.903917
4919.023926 0.000000 1562.783691 0.000000 0.886497 0.000000 0.462733 0.880543 0.880543 0.880543
4898.313965 0.000000 1591.321899 0.000000 0.441487 0.000000 -0.897268 0.972558 0.972558 0.972558
4890.352051 0.000000 1585.126221 0.000000 0.429754 0.000000 0.902946 0.849374 0.849374 0.849374
4897.414551 0.000000 1564.792114 0.000000 0.703366 0.000000 -0.710828 0.940861 0.940861 0.940861
4915.346680 0.000000 1536.061768 0.000000 0.935092 0.000000 -0.354406 0.937444 0.937444 0.937444
4925.285156 0.000000 1539.782104 0.000000 0.595274 0.000000 -0.803523 0.946129 0.946129 0.946129
4896.351074 0.000000 1573.542725 0.000000 0.288775 0.000000 -0.957397 1.003363 1.003363 1.003363
4893.798828 0.000000 1566.945435 0.000000 0.464665 0.000000 -0.885487 1.112592 1.112592 1.112592
4916.010742 0.000000 1548.904419 0.000000 0.844223 0.000000 0.535992 0.847888 0.847888 0.847888
4897.453613 0.000000 1570.643677 0.000000 0.856546 0.000000 0.516071 0.808620 0.808620 0.808620
4892.113770 0.000000 1561.925903 0.000000 0.358507 0.000000 0.933527 0.794484 0.794484 0.794484
4913.012207 0.000000 1551.922485 0.000000 0.966549 0.000000 -0.256481 0.933219 0.933219 0.933219
4918.931641 0.000000 1568.030518 0.000000 0.463977 0.000000 -0.885847 0.985587 0.985587 0.985587
4900.844238 0.000000 1590.403442 0.000000 0.690743 0.000000 -0.723100 0.945403 0.945403 0.945403
4890.356934 0.000000 1559.871826 0.000000 0.393549 0.000000 0.919304 0.784695 0.784695 0.784695
4892.582520 0.000000 1581.928589 0.000000 0.396343 0.000000 -0.918103 1.043755 1.043755 1.043755
4917.128418 0.000000 1538.667969 0.000000 0.158356 0.000000 -0.987382 1.128391 1.128391 1.128391
4892.921875 0.000000 1577.547607 0.000000 0.023427 0.000000 -0.999726 1.011257 1.011257 1.011257
4921.829102 0.000000 1539.922241 0.000000 0.544794 0.000000 -0.838570 1.049737 1.049737 1.049737
4894.404785 0.000000 1569.174683 0.000000 0.961142 0.000000 -0.276054 0.947132 0.947132 0.947132
4920.752930 0.000000 1535.695557 0.000000 0.671971 0.000000 0.740578 0.776332 0.776332 0.776332
4922.994141 0.000000 1535.741943 0.000000 0.633612 0.000000 -0.773651 1.001366 1.001366 1.001366
4920.933105 0.000000 1541.951050 0.000000 0.100726 0.000000 -0.994914 1.111373 1.111373 1.111373
4895.636230 0.000000 1565.975220 0.000000 0.309193 0.000000 -0.950999 1.111733 1.111733 1.111733
4919.452637 0.000000 1538.185547 0.000000 0.540493 0.000000 -0.841348 1.068479 1.068479 1.068479
4914.515625 0.000000 1550.415283 0.000000 0.677842 0.000000 -0.735207 1.039190 1.039190 1.039190
4916.813477 0.000000 1536.955200 0.000000 0.755704 0.000000 0.654913 0.779667 0.779667 0.779667
4896.056641 0.000000 1569.670898 0.000000 0.462493 0.000000 0.886623 0.716318 0.716318 0.716318
4892.621582 0.000000 1563.603882 0.000000 0.392731 0.000000 -0.919653 1.101938 1.101938 1.101938
4893.473633 0.000000 1565.301636 0.000000 0.588717 0.000000 -0.808339 1.058629 1.058629 1.058629
4892.213379 0.000000 1566.715942 0.000000 0.072400 0.000000 -0.997376 1.192894 1.192894 1.192894
4895.869629 0.000000 1564.280273 0.000000 0.869625 0.000000 0.493713 0.812986 0.812986 0.812986
4891.834961 0.000000 1560.271973 0.000000 0.410447 0.000000 0.911884 0.706567 0.706567 0.706567
4891.070801 0.000000 1563.747070 0.000000 0.977295 0.000000 -0.211883 0.936938 0.936938 0.936938
4895.131348 0.000000 1567.389648 0.000000 0.725962 0.000000 0.687735 0.692116 0.692116 0.692116
4917.192871 0.000000 1535.678833 0.000000 0.982816 0.000000 0.184587 0.858703 0.858703 0.858703
4958.097168 0.000000 1584.292114 0.000000 0.005124 0.000000 -0.999987 1.089967 1.089967 1.089967
4939.256348 0.000000 1551.053589 0.000000 0.736296 0.000000 0.676660 0.819843 0.819843 0.819843
4948.900879 0.000000 1561.889160 0.000000 0.370404 0.000000 0.928871 0.776865 0.776865 0.776865
4952.805664 0.000000 1572.355713 0.000000 0.822740 0.000000 0.568417 0.818494 0.818494 0.818494
4934.223145 0.000000 1550.528564 0.000000 0.350863 0.000000 0.936427 0.774700 0.774700 0.774700
4985.701660 0.000000 1567.614014 0.000000 0.558861 0.000000 0.829262 0.735227 0.735227 0.735227
4947.274414 0.000000 1557.103882 0.000000 0.239965 0.000000 0.970782 0.673146 0.673146 0.673146
4981.510742 0.000000 1551.406006 0.000000 0.673295 0.000000 -0.739374 0.931785 0.931785 0.931785
4982.094238 0.000000 1546.888794 0.000000 0.961721 0.000000 0.274032 0.853223 0.853223 0.853223
4946.347656 0.000000 1565.467773 0.000000 0.585605 0.000000 -0.810597 1.059277 1.059277 1.059277
4950.407227 0.000000 1576.164307 0.000000 0.884477 0.000000 0.466584 0.878186 0.878186 0.878186
4944.006836 0.000000 1558.645142 0.000000 0.994405 0.000000 0.105637 0.879549 0.879549 0.879549
4927.930176 0.000000 1535.774902 0.000000 0.923826 0.000000 -0.382812 0.935307 0.935307 0.935307
4936.545410 0.000000 1552.823120 0.000000 0.500649 0.000000 0.865650 0.723656 0.723656 0.723656
4986.378418 0.000000 1546.178101 0.000000 0.239011 0.000000 0.971017 0.843244 0.843244 0.843244
4950.386230 0.000000 1555.662598 0.000000 0.487185 0.000000 -0.873299 1.009758 1.009758 1.009758
4946.235840 0.000000 1560.515869 0.000000 0.621073 0.000000 0.783753 0.667270 0.667270 0.667270
4985.121582 0.000000 1564.798462 0.000000 0.969613 0.000000 0.244642 0.880008 0.880008 0.880008
4980.002930 0.000000 1548.904419 0.000000 0.523732 0.000000 -0.851883 1.044325 1.044325 1.044325
4986.020020 0.000000 1570.818604 0.000000 0.961679 0.000000 0.274178 0.853197 0.853197 0.853197
4952.924316 0.000000 1575.106201 0.000000 0.824237 0.000000 -0.566245 0.994675 0.994675 0.994675
4933.327637 0.000000 1566.362183 0.000000 0.907724 0.000000 0.419567 0.834820 0.834820 0.834820
4937.197754 0.000000 1567.039063 0.000000 0.422381 0.000000 0.906418 0.708779 0.708779 0.708779
4956.574707 0.000000 1581.928589 0.000000 0.827170 0.000000 0.561952 0.804802 0.804802 0.804802
4960.948730 0.000000 1585.205322 0.000000 0.203282 0.000000 -0.979120 1.013570 1.013570 1.013570
4983.222656 0.000000 1549.316772 0.000000 0.786975 0.000000 0.616985 0.787952 0.787952 0.787952
4946.710938 0.000000 1563.068481 0.000000 0.243818 0.000000 0.969821 0.751200 0.751200 0.751200
4947.896484 0.000000 1567.334961 0.000000 0.546949 0.000000 -0.837166 0.993622 0.993622 0.993622
4950.786621 0.000000 1573.919312 0.000000 0.829090 0.000000 0.559115 0.814680 0.814680 0.814680
4948.587891 0.000000 1565.026123 0.000000 0.910909 0.000000 0.412608 0.860819 0.860819 0.860819
4958.883301 0.000000 1582.118530 0.000000 0.926450 0.000000 0.376417 0.834965 0.834965 0.834965
4984.302246 0.000000 1547.265381 0.000000 0.638229 0.000000 0.769847 0.751941 0.751941 0.751941
4946.518066 0.000000 1554.972290 0.000000 0.421280 0.000000 0.906931 0.800459 0.800459 0.800459
4987.484375 0.000000 1564.334717 0.000000 0.386499 0.000000 -0.922290 0.994960 0.994960 0.994960
4987.720703 0.000000 1566.939331 0.000000 0.422078 0.000000 0.906560 0.711273 0.711273 0.711273
4935.179199 0.000000 1567.743774 0.000000 0.761282 0.000000 0.648421 0.781110 0.781110 0.781110
4937.146973 0.000000 1550.713989 0.000000 0.982316 0.000000 0.187229 0.868261 0.868261 0.868261
4984.584961 0.000000 1569.370117 0.000000 0.985483 0.000000 0.169774 0.858601 0.858601 0.858601
4987.041504 0.000000 1569.090332 0.000000 0.591957 0.000000 -0.805969 1.125346 1.125346 1.125346
4956.039063 0.000000 1583.939209 0.000000 0.937744 0.000000 0.347328 0.840224 0.840224 0.840224
4948.400879 0.000000 1555.487305 0.000000 0.870293 0.000000 -0.492534 0.984472 0.984472 0.984472
4980.213867 0.000000 1546.552734 0.000000 0.433330 0.000000 0.901235 0.778925 0.778925 0.778925
4947.625977 0.000000 1558.968750 0.000000 0.745103 0.000000 0.666950 0.731031 0.731031 0.731031
4933.693359 0.000000 1569.189819 0.000000 0.814498 0.000000 0.580166 0.795699 0.795699 0.795699
4945.820801 0.000000 1558.315063 0.000000 0.839228 0.000000 0.543779 0.788904 0.788904 0.788904
4937.153809 0.000000 1568.901611 0.000000 0.487295 0.000000 0.873238 0.764011 0.764011 0.764011
4944.326172 0.000000 1560.420532 0.000000 0.512092 0.000000 -0.858931 1.060179 1.060179 1.060179
4949.087891 0.000000 1557.132935 0.000000 0.404829 0.000000 -0.914392 1.094469 1.094469 1.094469
4949.795898 0.000000 1554.046753 0.000000 0.900144 0.000000 0.435593 0.826075 0.826075 0.826075
4945.304688 0.000000 1561.989014 0.000000 0.932261 0.000000 0.361787 0.842608 0.842608 0.842608
4939.668945 0.000000 1552.725830 0.000000 0.525539 0.000000 -0.850769 1.055454 1.055454 1.055454
4959.862305 0.000000 1583.796143 0.000000 0.759076 0.000000 0.651002 0.780538 0.780538 0.780538
4981.613770 0.000000 1549.091919 0.000000 0.462239 0.000000 -0.886755 1.054333 1.054333 1.054333
4984.642090 0.000000 1566.385742 0.000000 0.987651 0.000000 -0.156672 0.926511 0.926511 0.926511
4947.928711 0.000000 1560.619019 0.000000 0.359646 0.000000 0.933089 0.589177 0.589177 0.589177
4938.056152 0.000000 1552.269287 0.000000 0.994286 0.000000 -0.106747 0.916341 0.916341 0.916341
4934.817871 0.000000 1566.292236 0.000000 0.042636 0.000000 0.999091 0.642481 0.642481 0.642481
4947.062500 0.000000 1561.716431 0.000000 0.995641 0.000000 -0.093263 0.924134 0.924134 0.924134
5139.013672 0.000000 1160.742310 0.000000 0.808263 0.000000 0.588821 0.864634 0.864634 0.864634
5135.580566 0.000000 1178.306396 0.000000 0.983715 0.000000 0.179737 0.897970 0.897970 0.897970
5131.980957 0.000000 1181.352539 0.000000 0.997416 0.000000 -0.071838 0.902423 0.902423 0.902423
5137.749512 0.000000 1165.026855 0.000000 0.274758 0.000000 0.961513 0.844824 0.844824 0.844824
5138.115234 0.000000 1157.761719 0.000000 0.122324 0.000000 0.992490 0.818653 0.818653 0.818653
5135.346191 0.000000 1181.848389 0.000000 0.497590 0.000000 -0.867412 0.958980 0.958980 0.958980
5815.937012 0.000000 1204.072876 0.000000 0.955495 0.000000 0.295007 0.898654 0.898654 0.898654
5799.618164 0.000000 1213.659424 0.000000 0.137366 0.000000 0.990520 0.883901 0.883901 0.883901
5819.847656 0.000000 1212.439453 0.000000 0.978642 0.000000 0.205572 0.899070 0.899070 0.899070
5819.754395 0.000000 1195.528198 0.000000 0.338355 0.000000 -0.941019 0.913769 0.913769 0.913769
5809.658691 0.000000 1212.111206 0.000000 0.139611 0.000000 0.990206 0.887141 0.887141 0.887141
5821.463867 0.000000 1202.804932 0.000000 0.803237 0.000000 -0.595659 0.911470 0.911470 0.911470
5822.655762 0.000000 1207.788574 0.000000 0.988702 0.000000 0.149894 0.897633 0.897633 0.897633
5825.264648 0.000000 1194.730103 0.000000 0.999915 0.000000 -0.013024 0.900117 0.900117 0.900117
5828.850586 0.000000 1210.274780 0.000000 0.793065 0.000000 -0.609137 0.904415 0.904415 0.904415
5823.790039 0.000000 1202.835327 0.000000 0.808657 0.000000 0.588280 0.885869 0.885869 0.885869
5807.575195 0.000000 1237.646484 0.000000 0.583664 0.000000 0.811995 0.893613 0.893613 0.893613
5814.350098 0.000000 1216.455322 0.000000 0.920645 0.000000 -0.390400 0.900901 0.900901 0.900901
5802.282227 0.000000 1223.649780 0.000000 0.249917 0.000000 0.968267 0.879267 0.879267 0.879267
5794.792480 0.000000 1216.265625 0.000000 0.795587 0.000000 0.605839 0.894151 0.894151 0.894151
5809.055664 0.000000 1229.184814 0.000000 0.062874 0.000000 0.998021 0.886448 0.886448 0.886448
5806.846680 0.000000 1217.131226 0.000000 0.640848 0.000000 0.767668 0.884268 0.884268 0.884268
5800.731934 0.000000 1217.774292 0.000000 0.977084 0.000000 -0.212856 0.903374 0.903374 0.903374
5823.661621 0.000000 1218.996216 0.000000 0.981544 0.000000 -0.191238 0.901297 0.901297 0.901297
5753.715332 0.000000 1357.197388 0.000000 0.448059 0.000000 -0.894004 0.909942 0.909942 0.909942
5780.262695 0.000000 1338.733765 0.000000 0.725764 0.000000 -0.687944 0.901705 0.901705 0.901705
5807.575195 0.000000 1301.630859 0.000000 0.162743 0.000000 0.986668 0.893676 0.893676 0.893676
5815.937012 0.000000 1332.041626 0.000000 0.136600 0.000000 -0.990626 0.925772 0.925772 0.925772
5782.270508 0.000000 1311.119385 0.000000 0.817583 0.000000 -0.575810 0.902757 0.902757 0.902757
5761.272461 0.000000 1322.698853 0.000000 0.509190 0.000000 -0.860654 0.904658 0.904658 0.904658
5796.501465 0.000000 1325.605103 0.000000 0.246826 0.000000 -0.969060 0.905938 0.905938 0.905938
5810.993652 0.000000 1316.521851 0.000000 0.734519 0.000000 0.678588 0.894973 0.894973 0.894973
5764.858398 0.000000 1338.243530 0.000000 0.921872 0.000000 -0.387493 0.901788 0.901788 0.901788
5776.363281 0.000000 1297.105103 0.000000 0.999065 0.000000 -0.043242 0.900097 0.900097 0.900097
5767.463867 0.000000 1309.011963 0.000000 0.975924 0.000000 -0.218110 0.903458 0.903458 0.903458
5796.645020 0.000000 1312.817871 0.000000 0.008006 0.000000 0.999968 0.878931 0.878931 0.878931
5804.939941 0.000000 1332.142822 0.000000 0.544490 0.000000 0.838767 0.882114 0.882114 0.882114
5809.658691 0.000000 1340.079956 0.000000 0.485712 0.000000 -0.874119 0.904780 0.904780 0.904780
5770.669434 0.000000 1317.495605 0.000000 0.976124 0.000000 -0.217216 0.901476 0.901476 0.901476
5760.010742 0.000000 1313.853149 0.000000 0.682422 0.000000 -0.730958 0.905525 0.905525 0.905525
5805.186035 0.000000 1322.988037 0.000000 0.903476 0.000000 -0.428638 0.910949 0.910949 0.910949
5805.434570 0.000000 1309.973877 0.000000 0.328414 0.000000 -0.944534 0.913888 0.913888 0.913888
5775.502441 0.000000 1306.275146 0.000000 0.875795 0.000000 0.482682 0.896605 0.896605 0.896605
5768.098145 0.000000 1300.015625 0.000000 0.453616 0.000000 0.891197 0.885171 0.885171 0.885171
5772.724609 0.000000 1336.135498 0.000000 0.135610 0.000000 0.990762 0.887105 0.887105 0.887105
5790.230469 0.000000 1307.946899 0.000000 0.774507 0.000000 0.632565 0.893845 0.893845 0.893845
5799.224609 0.000000 1305.271240 0.000000 0.915103 0.000000 0.403220 0.892540 0.892540 0.892540
5811.970215 0.000000 1326.006836 0.000000 0.392297 0.000000 0.919839 0.865893 0.865893 0.865893
5790.012695 0.000000 1315.496216 0.000000 0.160137 0.000000 0.987095 0.884160 0.884160 0.884160
5799.144043 0.000000 1319.126587 0.000000 0.829667 0.000000 -0.558259 0.905323 0.905323 0.905323
5804.512695 0.000000 1316.077026 0.000000 0.838098 0.000000 0.545520 0.892221 0.892221 0.892221
5810.472656 0.000000 1334.253052 0.000000 0.749892 0.000000 -0.661560 0.916243 0.916243 0.916243
5764.549805 0.000000 1317.719727 0.000000 0.642204 0.000000 0.766534 0.890188 0.890188 0.890188
5764.657715 0.000000 1304.013916 0.000000 0.566281 0.000000 0.824212 0.882585 0.882585 0.882585
5770.468750 0.000000 1304.758667 0.000000 0.759171 0.000000 0.650891 0.888852 0.888852 0.888852
5807.539551 0.000000 1327.886475 0.000000 0.251365 0.000000 -0.967892 0.938460 0.938460 0.938460
5800.455566 0.000000 1309.842163 0.000000 0.998893 0.000000 -0.047035 0.900952 0.900952 0.900952
5811.805664 0.000000 1330.233154 0.000000 0.677064 0.000000 -0.735924 0.927874 0.927874 0.927874
5808.572266 0.000000 1331.244141 0.000000 0.979589 0.000000 -0.201009 0.906821 0.906821 0.906821
5760.798828 0.000000 1359.528320 0.000000 0.190548 0.000000 0.981678 0.893803 0.893803 0.893803
5782.270508 0.000000 1375.103760 0.000000 0.522041 0.000000 0.852920 0.886228 0.886228 0.886228
5770.678223 0.000000 1344.458740 0.000000 0.351857 0.000000 -0.936054 0.902722 0.902722 0.902722
5810.993652 0.000000 1380.506226 0.000000 0.252558 0.000000 -0.967582 0.911823 0.911823 0.911823
5775.737793 0.000000 1389.029907 0.000000 0.190838 0.000000 -0.981622 0.915490 0.915490 0.915490
5796.645020 0.000000 1376.802246 0.000000 0.250888 0.000000 0.968016 0.888162 0.888162 0.888162
5818.566406 0.000000 1370.264893 0.000000 0.717147 0.000000 -0.696922 0.906930 0.906930 0.906930
5786.266602 0.000000 1385.477417 0.000000 0.914545 0.000000 -0.404485 0.903742 0.903742 0.903742
5819.754395 0.000000 1387.481323 0.000000 0.999768 0.000000 -0.021542 0.900097 0.900097 0.900097
5805.186035 0.000000 1386.972412 0.000000 0.990325 0.000000 0.138768 0.899062 0.899062 0.899062
5820.566895 0.000000 1379.823730 0.000000 0.182914 0.000000 0.983129 0.884420 0.884420 0.884420
5778.921875 0.000000 1381.891113 0.000000 0.104501 0.000000 0.994525 0.880235 0.880235 0.880235
5804.512695 0.000000 1380.061401 0.000000 0.518782 0.000000 -0.854906 0.913823 0.913823 0.913823
5825.264648 0.000000 1386.683228 0.000000 0.410951 0.000000 -0.911657 0.905156 0.905156 0.905156
5831.850098 0.000000 1393.540039 0.000000 0.956762 0.000000 -0.290872 0.902653 0.902653 0.902653
5823.519531 0.000000 1368.550415 0.000000 0.534733 0.000000 0.845021 0.890953 0.890953 0.890953
5824.002930 0.000000 1377.837524 0.000000 0.999911 0.000000 0.013346 0.899910 0.899910 0.899910
5760.798828 0.000000 1423.512695 0.000000 0.290792 0.000000 0.956786 0.891401 0.891401 0.891401
5796.501465 0.000000 1453.573853 0.000000 0.500265 0.000000 0.865873 0.897648 0.897648 0.897648
5799.618164 0.000000 1469.596924 0.000000 0.513249 0.000000 0.858240 0.897682 0.897682 0.897682
5776.363281 0.000000 1425.073853 0.000000 0.858723 0.000000 0.512440 0.891538 0.891538 0.891538
5790.611328 0.000000 1463.590088 0.000000 0.841954 0.000000 0.539550 0.896158 0.896158 0.896158
5804.939941 0.000000 1460.111572 0.000000 0.736613 0.000000 -0.676314 0.906675 0.906675 0.906675
5784.312012 0.000000 1429.988403 0.000000 0.860809 0.000000 -0.508928 0.905998 0.905998 0.905998
5782.967773 0.000000 1458.071777 0.000000 0.013703 0.000000 0.999906 0.889504 0.889504 0.889504
5768.098145 0.000000 1427.984375 0.000000 0.391959 0.000000 -0.919983 0.910498 0.910498 0.910498
5789.995605 0.000000 1456.323364 0.000000 0.591223 0.000000 -0.806508 0.908432 0.908432 0.908432
5782.024414 0.000000 1421.975952 0.000000 0.910669 0.000000 -0.413137 0.904785 0.904785 0.904785
5779.172852 0.000000 1429.135132 0.000000 0.447186 0.000000 0.894441 0.877611 0.877611 0.877611
5844.254883 0.000000 1466.702515 0.000000 0.870444 0.000000 -0.492268 0.904626 0.904626 0.904626
5846.262695 0.000000 1439.088135 0.000000 0.304259 0.000000 0.952589 0.888661 0.888661 0.888661
5825.264648 0.000000 1450.667603 0.000000 0.629085 0.000000 0.777336 0.895999 0.895999 0.895999
5863.610352 0.000000 1469.596924 0.000000 0.511243 0.000000 -0.859436 0.909295 0.909295 0.909295
5840.355469 0.000000 1425.073853 0.000000 0.973546 0.000000 -0.228492 0.902072 0.902072 0.902072
5883.839844 0.000000 1468.376953 0.000000 0.908154 0.000000 -0.418636 0.902912 0.902912 0.902912
5873.650879 0.000000 1468.048706 0.000000 0.904842 0.000000 0.425748 0.896047 0.896047 0.896047
5831.850098 0.000000 1457.524414 0.000000 0.125190 0.000000 0.992133 0.890258 0.890258 0.890258
5848.304199 0.000000 1429.988403 0.000000 0.185482 0.000000 -0.982648 0.912441 0.912441 0.912441
5839.494629 0.000000 1434.243896 0.000000 0.721580 0.000000 -0.692331 0.905155 0.905155 0.905155
5823.790039 0.000000 1458.772827 0.000000 0.818552 0.000000 0.574432 0.895875 0.895875 0.895875
5878.342285 0.000000 1472.392822 0.000000 0.971697 0.000000 -0.236231 0.902679 0.902679 0.902679
5866.274414 0.000000 1479.587280 0.000000 0.244297 0.000000 -0.969700 0.905950 0.905950 0.905950
5857.078125 0.000000 1492.552612 0.000000 0.861698 0.000000 -0.507421 0.904783 0.904783 0.904783
5858.784668 0.000000 1472.203125 0.000000 0.725517 0.000000 0.688204 0.896589 0.896589 0.896589
5844.863281 0.000000 1471.994629 0.000000 0.584879 0.000000 -0.811121 0.908503 0.908503 0.908503
5870.838867 0.000000 1473.068726 0.000000 0.929485 0.000000 0.368859 0.896605 0.896605 0.896605
5935.559570 0.000000 1365.615234 0.000000 0.344807 0.000000 -0.938674 0.905477 0.905477 0.905477
5915.648438 0.000000 1351.336548 0.000000 0.328784 0.000000 -0.944405 0.908330 0.908330 0.908330
5924.485840 0.000000 1389.589478 0.000000 0.136754 0.000000 -0.990605 0.909664 0.909664 0.909664
5927.602539 0.000000 1405.612549 0.000000 0.679461 0.000000 -0.733711 0.905553 0.905553 0.905553
5930.266602 0.000000 1351.618530 0.000000 0.913766 0.000000 -0.406241 0.904700 0.904700 0.904700
5924.629395 0.000000 1376.802246 0.000000 0.630510 0.000000 -0.776181 0.907986 0.907986 0.907986
5946.550781 0.000000 1370.264893 0.000000 0.969349 0.000000 -0.245689 0.901673 0.901673 0.901673
5914.250977 0.000000 1385.477417 0.000000 0.949022 0.000000 0.315209 0.897838 0.897838 0.897838
5918.595703 0.000000 1399.605713 0.000000 0.885861 0.000000 0.463951 0.897832 0.897832 0.897832
5922.776855 0.000000 1344.234375 0.000000 0.065407 0.000000 -0.997859 0.910147 0.910147 0.910147
5937.643066 0.000000 1404.064331 0.000000 0.664642 0.000000 -0.747162 0.903792 0.903792 0.903792
5928.822754 0.000000 1360.083984 0.000000 0.778635 0.000000 0.627477 0.895428 0.895428 0.895428
5922.803711 0.000000 1354.816772 0.000000 0.976894 0.000000 0.213722 0.896612 0.896612 0.896612
5942.652832 0.000000 1364.198120 0.000000 0.038768 0.000000 0.999248 0.886231 0.886231 0.886231
5940.800781 0.000000 1373.894775 0.000000 0.866388 0.000000 0.499372 0.895301 0.895301 0.895301
5926.232910 0.000000 1396.060425 0.000000 0.733834 0.000000 0.679329 0.893288 0.893288 0.893288
5952.775391 0.000000 1359.528320 0.000000 0.985363 0.000000 0.170469 0.898845 0.898845 0.898845
5974.247070 0.000000 1375.103760 0.000000 0.666893 0.000000 -0.745153 0.907556 0.907556 0.907556
5953.249023 0.000000 1386.683228 0.000000 0.725673 0.000000 -0.688040 0.903410 0.903410 0.903410
5962.654785 0.000000 1344.458740 0.000000 0.588353 0.000000 0.808604 0.897884 0.897884 0.897884
5956.834961 0.000000 1402.227905 0.000000 0.434829 0.000000 0.900513 0.897481 0.897481 0.897481
5968.339844 0.000000 1361.089478 0.000000 0.544347 0.000000 -0.838860 0.902236 0.902236 0.902236
5967.714355 0.000000 1389.029907 0.000000 0.701146 0.000000 0.713018 0.892866 0.892866 0.892866
5978.243164 0.000000 1385.477417 0.000000 0.705300 0.000000 0.708909 0.896459 0.896459 0.896459
5960.948730 0.000000 1353.917358 0.000000 0.596665 0.000000 -0.802491 0.910464 0.910464 0.910464
5959.834473 0.000000 1393.540039 0.000000 0.559266 0.000000 0.828988 0.884629 0.884629 0.884629
5976.288574 0.000000 1366.004028 0.000000 0.935529 0.000000 0.353250 0.897566 0.897566 0.897566
5960.074707 0.000000 1364.000000 0.000000 0.763980 0.000000 0.645240 0.895272 0.895272 0.895272
5964.701172 0.000000 1400.119873 0.000000 0.765600 0.000000 -0.643317 0.904710 0.904710 0.904710
5970.898438 0.000000 1381.891113 0.000000 0.957464 0.000000 -0.288554 0.902631 0.902631 0.902631
5981.989258 0.000000 1379.480591 0.000000 0.989929 0.000000 0.141562 0.898404 0.898404 0.898404
5959.530273 0.000000 1387.164307 0.000000 0.113106 0.000000 -0.993583 0.916374 0.916374 0.916374
5965.256836 0.000000 1393.331421 0.000000 0.725845 0.000000 0.687858 0.888070 0.888070 0.888070
5938.978027 0.000000 1444.490601 0.000000 0.841199 0.000000 -0.540726 0.901284 0.901284 0.901284
5930.266602 0.000000 1415.602905 0.000000 0.708059 0.000000 -0.706153 0.903523 0.903523 0.903523
5946.550781 0.000000 1434.249268 0.000000 0.315079 0.000000 0.949066 0.894382 0.894382 0.894382
5922.776855 0.000000 1408.218750 0.000000 0.935610 0.000000 -0.353035 0.901621 0.901621 0.901621
5947.738770 0.000000 1451.465698 0.000000 0.759823 0.000000 -0.650130 0.912722 0.912722 0.912722
5948.551270 0.000000 1443.808105 0.000000 0.624870 0.000000 0.780729 0.887923 0.887923 0.887923
5928.716309 0.000000 1409.727417 0.000000 0.185014 0.000000 -0.982736 0.915556 0.915556 0.915556
6007.913574 0.000000 1460.010376 0.000000 0.986847 0.000000 -0.161658 0.900365 0.900365 0.900365
5953.249023 0.000000 1450.667603 0.000000 0.940664 0.000000 -0.339339 0.903112 0.903112 0.903112
5991.594727 0.000000 1469.596924 0.000000 0.605401 0.000000 -0.795920 0.902068 0.902068 0.902068
5959.440430 0.000000 1436.980713 0.000000 0.533836 0.000000 0.845588 0.893208 0.893208 0.893208
5996.916504 0.000000 1460.111572 0.000000 0.318429 0.000000 0.947947 0.891596 0.891596 0.891596
6001.635254 0.000000 1468.048706 0.000000 0.409049 0.000000 0.912512 0.869009 0.869009 0.869009
5951.503906 0.000000 1432.534790 0.000000 0.917831 0.000000 0.396971 0.896331 0.896331 0.896331
5951.987305 0.000000 1441.821899 0.000000 0.643557 0.000000 -0.765398 0.909793 0.909793 0.909793
6002.449219 0.000000 1462.221802 0.000000 0.544352 0.000000 0.838857 0.888820 0.888820 0.888820
5996.220215 0.000000 1465.877930 0.000000 0.912331 0.000000 -0.409453 0.905687 0.905687 0.905687
5972.239258 0.000000 1530.686890 0.000000 0.070610 0.000000 0.997504 0.889888 0.889888 0.889888
5999.551758 0.000000 1493.583984 0.000000 0.534200 0.000000 0.845358 0.895474 0.895474 0.895474
6006.326660 0.000000 1472.392822 0.000000 0.940108 0.000000 -0.340877 0.904689 0.904689 0.904689
6002.970215 0.000000 1508.474976 0.000000 0.855244 0.000000 0.518226 0.896328 0.896328 0.896328
5994.258789 0.000000 1479.587280 0.000000 0.365205 0.000000 0.930927 0.875795 0.875795 0.875795
6009.684082 0.000000 1485.166138 0.000000 0.860543 0.000000 -0.509378 0.903603 0.903603 0.903603
5982.587891 0.000000 1527.574463 0.000000 0.999783 0.000000 -0.020809 0.900094 0.900094 0.900094
5974.944336 0.000000 1522.056152 0.000000 0.943623 0.000000 -0.331023 0.903032 0.903032 0.903032
6001.032227 0.000000 1485.122314 0.000000 0.493065 0.000000 0.869992 0.873920 0.873920 0.873920
5998.823242 0.000000 1473.068726 0.000000 0.274058 0.000000 -0.961713 0.931962 0.931962 0.931962
5992.708496 0.000000 1473.711792 0.000000 0.984265 0.000000 0.176700 0.898004 0.898004 0.898004
5999.126465 0.000000 1480.514893 0.000000 0.931396 0.000000 -0.364006 0.911720 0.911720 0.911720
6002.492676 0.000000 1475.089844 0.000000 0.308203 0.000000 -0.951321 0.933905 0.933905 0.933905
5996.796875 0.000000 1476.566650 0.000000 0.807452 0.000000 -0.589934 0.917013 0.917013 0.917013
5972.847656 0.000000 1535.979004 0.000000 0.947671 0.000000 -0.319249 0.901460 0.901460 0.901460
"}
